                                                                                          [0m
                                                                                          [0m
                                                                                          [0m
                                                                                          [0m
                                                                                          [0m
                                                                                          [0m
                                                                                          [0m
                                                                [38;2;92;92;119m▄▀[38;2;143;138;169m▀[38;2;118;116;137m▄[0m                      [0m
                                                                [38;2;148;143;175m▄[38;2;147;140;174m▄[48;2;148;143;173m[38;2;92;92;119m▀[48;2;148;143;174m▀[48;2;148;141;172m[38;2;150;142;176m▀[48;2;148;143;173m[38;2;142;136;165m▀[0m[38;2;148;143;173m▄[38;2;147;143;171m▄[0m                  [0m
                                                              [48;2;220;196;216m[38;2;146;143;173m▀[48;2;147;139;172m[38;2;144;139;168m▀[48;2;143;141;172m[38;2;146;141;172m▀[48;2;145;140;170m[38;2;146;142;171m▀[48;2;199;183;210m[38;2;146;141;173m▀[48;2;146;140;170m[38;2;146;141;171m▀[48;2;146;141;171m[38;2;147;142;172m▀[48;2;146;139;170m[38;2;147;141;170m▀[48;2;152;146;175m[38;2;123;119;143m▀[48;2;149;142;171m[38;2;148;143;171m▀[48;2;199;184;211m[38;2;148;142;167m▀[0m[38;2;185;166;183m▄[0m                [0m
                                                             [48;2;128;123;153m[38;2;151;137;152m▀[48;2;133;129;157m[38;2;141;126;143m▀[48;2;144;139;167m[38;2;175;164;190m▀[48;2;144;139;169m[38;2;197;183;205m▀[48;2;144;140;167m[38;2;146;141;171m▀[48;2;140;135;165m[38;2;148;139;169m▀[48;2;84;81;100m[38;2;138;134;163m▀[48;2;43;45;48m[38;2;124;121;146m▀[48;2;80;78;95m[38;2;145;141;169m▀[48;2;95;89;115m[38;2;144;139;169m▀[48;2;145;140;170m[38;2;143;138;168m▀[48;2;143;138;169m[38;2;99;95;115m▀[48;2;143;139;169m[38;2;145;139;169m▀[0m                [0m
                                                             [38;2;83;86;124m▀[48;2;70;72;90m[38;2;83;83;104m▀[48;2;142;137;169m[38;2;142;138;166m▀[48;2;79;80;99m[38;2;139;135;170m▀[48;2;113;109;134m[38;2;135;133;163m▀[48;2;241;204;170m[38;2;69;66;86m▀[48;2;40;33;23m[38;2;64;57;58m▀[48;2;9;10;10m[38;2;218;180;155m▀[48;2;145;141;168m[38;2;97;93;117m▀[48;2;143;138;168m[38;2;134;130;158m▀[48;2;141;138;169m[38;2;142;136;166m▀[48;2;127;122;147m[38;2;143;139;168m▀[48;2;131;129;157m[38;2;52;52;68m▀[48;2;102;101;126m[38;2;139;133;164m▀[0m               [0m
                                                              [38;2;121;118;150m▀[48;2;140;133;165m[38;2;139;134;165m▀[48;2;128;129;181m[38;2;83;86;124m▀[48;2;250;221;191m[38;2;160;134;108m▀[48;2;251;212;174m[38;2;252;211;177m▀[48;2;128;129;181m[38;2;128;129;181m▀[48;2;250;221;191m[38;2;250;221;191m▀[48;2;81;73;97m[38;2;90;81;110m▀[48;2;139;132;163m[38;2;103;100;122m▀[48;2;139;136;166m[38;2;141;136;168m▀[48;2;121;93;75m[38;2;92;91;110m▀[48;2;83;66;68m[38;2;136;131;162m▀[48;2;68;67;89m[38;2;135;129;162m▀[48;2;35;37;36m[38;2;109;106;134m▀[0m              [0m
                                                                [48;2;220;186;156m[38;2;252;214;174m▀[48;2;250;210;173m[38;2;252;213;174m▀[38;2;251;212;173m▀[38;2;250;210;174m▀[48;2;183;162;136m[38;2;251;211;174m▀[48;2;247;226;195m[38;2;252;231;200m▀[48;2;43;33;21m[38;2;252;229;198m▀[48;2;55;45;35m[38;2;107;105;131m▀[48;2;51;48;69m[38;2;168;128;108m▀[48;2;138;133;165m[38;2;103;100;126m▀[48;2;127;123;149m[38;2;132;128;153m▀[48;2;131;130;158m[38;2;79;78;102m▀[0m[38;2;96;101;122m▄[0m             [0m
            [38;2;154;181;178m▄[38;2;138;172;173m▄[38;2;133;170;174m▄[38;2;145;183;184m▄[0m                                            [38;2;95;78;52m▄[38;2;192;150;99m▄[38;2;192;148;102m▄[38;2;190;149;105m▄[48;2;90;73;48m[38;2;70;56;39m▀[48;2;134;119;103m[38;2;97;77;51m▀[48;2;176;134;115m[38;2;206;152;121m▀[48;2;186;164;143m[38;2;250;210;173m▀[48;2;127;110;96m[38;2;198;176;153m▀[48;2;38;38;37m[38;2;213;197;169m▀[48;2;188;147;99m[38;2;194;152;104m▀[48;2;181;144;100m[38;2;193;149;104m▀[48;2;176;141;99m[38;2;36;34;41m▀[48;2;75;69;97m[38;2;79;71;100m▀[48;2;81;74;102m[38;2;136;131;163m▀[48;2;95;89;117m[38;2;78;77;95m▀[48;2;126;125;153m[38;2;36;41;17m▀[0m             [0m
          [38;2;147;172;169m▄[48;2;111;150;160m[38;2;142;167;164m▀[48;2;105;143;154m[38;2;122;153;158m▀[48;2;111;146;152m[38;2;109;147;154m▀[48;2;77;105;118m[38;2;101;141;151m▀[48;2;79;107;125m[38;2;113;151;160m▀[48;2;124;149;169m[38;2;127;163;167m▀[0m                 [38;2;240;222;198m▄[48;2;173;157;145m[38;2;54;57;39m▀[0m  [38;2;41;38;37m▄[38;2;34;35;22m▄[0m   [38;2;217;186;158m▄[38;2;252;210;171m▄[48;2;254;212;174m[38;2;240;196;162m▀[0m[38;2;253;214;174m▄[48;2;55;52;47m[38;2;55;52;45m▀[48;2;54;51;44m[38;2;52;49;42m▀[48;2;53;50;45m[38;2;51;48;43m▀[48;2;251;234;206m[38;2;254;233;206m▀[48;2;253;233;206m[38;2;253;234;204m▀[48;2;253;234;205m[38;2;254;233;203m▀[48;2;251;233;203m[38;2;254;236;206m▀[48;2;252;232;205m[38;2;250;234;205m▀[48;2;228;212;191m[38;2;254;234;207m▀[48;2;250;233;207m[38;2;173;156;135m▀[48;2;246;223;192m[38;2;98;87;73m▀[48;2;110;92;54m[38;2;192;150;100m▀[48;2;250;227;195m[38;2;203;188;166m▀[48;2;186;147;100m[38;2;188;147;101m▀[48;2;183;149;103m[38;2;191;149;101m▀[48;2;102;77;48m[38;2;190;148;104m▀[48;2;190;148;100m[38;2;189;149;100m▀[48;2;194;149;105m[38;2;156;124;86m▀[48;2;253;237;213m[38;2;185;168;152m▀[48;2;164;145;128m[38;2;254;235;203m▀[48;2;252;234;210m[38;2;224;206;182m▀[48;2;164;150;134m[38;2;242;221;193m▀[48;2;189;147;99m[38;2;57;41;25m▀[48;2;193;151;103m[38;2;193;150;100m▀[48;2;192;150;102m[38;2;193;151;101m▀▀[48;2;193;149;102m[38;2;154;123;85m▀[48;2;78;72;85m[38;2;81;71;104m▀[48;2;134;130;160m[38;2;103;98;128m▀[48;2;95;89;117m[38;2;33;37;35m▀[0m[38;2;214;195;171m▀[38;2;179;158;137m▀[38;2;162;145;125m▀[38;2;154;137;121m▀[38;2;154;138;126m▀[38;2;79;72;62m▀[38;2;73;66;54m▀[0m      [0m
          [48;2;164;192;199m[38;2;129;151;165m▀[48;2;58;94;110m[38;2;101;140;151m▀[48;2;61;87;104m[38;2;56;84;103m▀[48;2;61;89;103m[38;2;62;94;112m▀[48;2;63;87;101m[38;2;68;94;111m▀[48;2;70;97;114m[38;2;92;119;138m▀[48;2;119;145;158m[38;2;119;145;158m▀[0m[38;2;113;152;159m▄[0m    [38;2;244;223;196m▄[48;2;159;141;127m[38;2;239;222;193m▀[0m[38;2;147;140;130m▄[38;2;109;128;139m▄[38;2;105;143;165m▄[0m [48;2;106;148;177m[38;2;102;151;174m▀[0m [38;2;106;149;181m▄[38;2;105;146;173m▄[38;2;99;119;129m▄[48;2;136;129;111m[38;2;47;46;26m▀[48;2;242;224;196m[38;2;241;224;196m▀[48;2;157;138;124m[38;2;159;140;125m▀[48;2;112;106;93m[38;2;58;58;44m▀[48;2;160;150;138m[38;2;43;39;29m▀[48;2;78;71;59m[38;2;28;36;35m▀[48;2;30;25;19m[38;2;44;41;34m▀[48;2;19;19;12m[38;2;105;98;88m▀[48;2;19;18;15m[38;2;143;133;121m▀[48;2;15;11;8m[38;2;24;23;19m▀[0m[38;2;135;126;111m▀[48;2;206;178;154m[38;2;253;211;171m▀[48;2;252;210;172m▀[48;2;252;208;169m[38;2;253;210;171m▀[48;2;50;47;40m[38;2;51;48;43m▀[48;2;49;46;39m[38;2;52;49;44m▀[48;2;52;49;44m[38;2;51;48;41m▀[48;2;253;233;206m[38;2;253;234;204m▀[48;2;253;234;204m[38;2;252;233;203m▀[48;2;251;233;203m[38;2;252;234;205m▀[48;2;251;233;204m[38;2;253;234;206m▀[48;2;254;234;207m[38;2;253;233;204m▀[48;2;253;235;203m[38;2;251;234;206m▀[48;2;249;229;202m[38;2;253;233;203m▀[48;2;137;121;109m[38;2;248;231;202m▀[48;2;39;37;31m[38;2;111;90;61m▀[48;2;189;146;100m[38;2;237;219;194m▀[48;2;233;216;190m[38;2;33;33;31m▀[48;2;192;151;101m[38;2;193;151;103m▀[48;2;192;153;104m[38;2;148;117;76m▀[48;2;139;116;77m[38;2;192;150;102m▀[48;2;37;36;26m[38;2;110;86;57m▀[48;2;250;227;199m[38;2;248;228;195m▀[48;2;250;230;197m[38;2;250;229;198m▀[48;2;244;221;191m[38;2;246;226;199m▀[48;2;38;32;22m[38;2;52;45;38m▀[48;2;190;148;98m[38;2;191;149;101m▀[48;2;126;98;68m[38;2;193;151;103m▀[48;2;124;94;59m[38;2;191;149;101m▀[48;2;195;149;103m[38;2;192;151;102m▀[48;2;191;149;99m[38;2;191;147;100m▀[48;2;188;151;103m[38;2;118;116;137m▀[48;2;132;128;161m[38;2;118;118;143m▀[48;2;118;116;137m[38;2;95;89;117m▀[0m             [0m
          [48;2;161;183;196m[38;2;157;180;188m▀[48;2;146;176;187m[38;2;58;87;105m▀[48;2;59;85;100m[38;2;62;88;102m▀[48;2;92;118;135m[38;2;58;84;99m▀[48;2;101;127;144m[38;2;59;86;99m▀[48;2;100;126;143m[38;2;93;119;136m▀[48;2;124;149;169m[38;2;119;145;158m▀[48;2;124;155;158m[38;2;118;152;155m▀[0m  [38;2;239;217;186m▄[38;2;195;186;167m▄[48;2;109;102;95m[38;2;159;139;126m▀[48;2;156;140;125m[38;2;156;137;124m▀[48;2;97;99;94m[38;2;74;63;53m▀[48;2;101;121;131m[38;2;105;121;130m▀[48;2;108;140;159m[38;2;117;137;177m▀[48;2;107;144;169m[38;2;107;145;172m▀[48;2;107;146;174m[38;2;117;137;177m▀[48;2;107;148;177m▀[48;2;106;148;177m[38;2;107;148;179m▀[0m[38;2;117;137;177m▀[0m [38;2;78;68;57m▀[48;2;224;206;183m[38;2;241;223;198m▀[48;2;159;137;124m[38;2;158;141;127m▀[0m[38;2;54;54;48m▀[38;2;18;18;15m▀[38;2;91;86;81m▀[38;2;65;61;56m▀[38;2;16;13;13m▀[0m    [38;2;176;149;119m▀[48;2;34;37;20m[38;2;27;21;10m▀[48;2;47;45;42m[38;2;51;48;42m▀[48;2;28;25;20m[38;2;51;48;43m▀[48;2;27;21;10m[38;2;42;38;34m▀[0m[38;2;253;233;202m▀[38;2;131;128;108m▀[0m     [48;2;97;77;52m[38;2;95;75;50m▀[48;2;148;135;111m[38;2;249;227;196m▀[48;2;28;29;28m[38;2;191;149;98m▀[48;2;94;76;57m[38;2;248;228;194m▀[48;2;35;35;28m[38;2;85;68;46m▀[48;2;188;149;100m[38;2;190;148;100m▀[48;2;188;148;98m[38;2;124;99;59m▀[48;2;59;54;43m[38;2;112;101;90m▀[48;2;250;227;196m[38;2;189;164;148m▀[48;2;250;229;197m[38;2;199;174;152m▀[48;2;117;107;90m[38;2;145;131;107m▀[48;2;132;105;72m[38;2;118;98;66m▀[48;2;189;146;99m[38;2;188;146;98m▀[48;2;192;150;102m[38;2;192;148;100m▀[48;2;192;150;100m[38;2;191;150;101m▀[48;2;190;148;100m[38;2;190;147;99m▀[48;2;192;150;102m[38;2;151;121;84m▀[48;2;192;148;101m[38;2;191;148;100m▀[48;2;159;131;89m[38;2;122;122;148m▀[48;2;129;126;156m[38;2;118;116;137m▀[0m             [0m
          [48;2;178;200;206m[38;2;165;191;196m▀[48;2;171;194;200m[38;2;126;148;160m▀[48;2;119;141;154m[38;2;101;127;144m▀[48;2;119;145;158m[38;2;102;128;147m▀[48;2;117;139;153m[38;2;117;142;162m▀[48;2;119;142;158m[38;2;124;149;169m▀[48;2;124;144;153m[38;2;120;147;164m▀[48;2;128;153;160m[38;2;125;153;161m▀[0m  [38;2;153;138;122m▀[48;2;153;136;119m[38;2;242;221;197m▀[48;2;240;223;197m[38;2;242;225;199m▀[48;2;242;225;198m[38;2;12;13;15m▀[0m[38;2;136;137;126m▄[38;2;116;139;144m▀[0m [38;2;110;148;166m▀[48;2;116;157;171m[38;2;106;152;174m▀[0m[38;2;103;153;176m▀[0m   [48;2;240;221;194m[38;2;120;125;121m▀[48;2;156;137;119m[38;2;15;8;4m▀[48;2;157;139;125m[38;2;18;20;15m▀[0m                     [48;2;97;77;52m[38;2;93;73;48m▀[48;2;57;42;27m[38;2;77;59;41m▀[48;2;82;66;41m[38;2;245;222;188m▀[48;2;192;168;142m[38;2;79;57;34m▀[48;2;224;203;178m[38;2;248;230;197m▀[48;2;37;36;34m[38;2;188;146;97m▀[48;2;64;52;38m[38;2;109;85;55m▀[48;2;53;47;35m[38;2;224;204;180m▀[48;2;96;95;91m[38;2;181;168;143m▀[48;2;55;53;49m[38;2;249;226;195m▀[48;2;243;224;194m[38;2;30;31;28m▀[48;2;59;48;31m[38;2;119;94;63m▀[48;2;190;148;98m[38;2;192;150;102m▀[48;2;192;150;102m[38;2;191;149;103m▀[48;2;189;147;99m[38;2;190;148;100m▀[48;2;188;147;99m[38;2;191;149;101m▀[48;2;101;83;55m[38;2;193;151;103m▀[48;2;87;80;67m[38;2;189;147;99m▀[48;2;248;228;193m[38;2;109;90;62m▀[48;2;246;226;188m[38;2;128;125;154m▀[0m             [0m
          [38;2;228;232;233m▀[48;2;208;216;218m[38;2;172;194;198m▀[48;2;153;175;179m[38;2;129;151;162m▀[48;2;135;158;164m[38;2;118;137;151m▀[48;2;124;144;153m[38;2;117;139;153m▀[48;2;119;145;158m[38;2;124;144;153m▀[48;2;183;194;191m[38;2;119;145;158m▀[0m[38;2;178;203;207m▀[0m    [48;2;152;135;125m[38;2;144;126;112m▀[48;2;83;70;56m[38;2;240;223;197m▀[48;2;243;226;198m[38;2;240;223;195m▀[48;2;243;223;197m[38;2;197;193;177m▀[0m[38;2;239;222;194m▄[48;2;244;223;196m[38;2;155;174;173m▀[48;2;172;168;154m[38;2;138;163;165m▀[48;2;100;108;94m[38;2;120;153;159m▀[0m  [38;2;103;111;96m▄[48;2;243;221;196m[38;2;239;221;196m▀[48;2;156;137;120m[38;2;156;137;123m▀[0m                     [38;2;55;55;37m▄[48;2;94;74;49m[38;2;95;75;50m▀[48;2;58;46;30m[38;2;51;38;25m▀[48;2;95;75;48m[38;2;95;75;50m▀[48;2;96;76;51m[38;2;83;64;44m▀[48;2;90;71;50m[38;2;186;165;146m▀[48;2;251;228;194m[38;2;226;209;179m▀[48;2;187;170;147m[38;2;252;227;196m▀[48;2;46;51;53m[38;2;40;40;33m▀[48;2;49;48;43m[38;2;45;44;40m▀[48;2;98;94;91m[38;2;50;49;45m▀[48;2;244;224;192m[38;2;248;227;196m▀[48;2;136;128;110m[38;2;39;37;31m▀[48;2;193;146;99m[38;2;189;146;101m▀[48;2;33;32;28m[38;2;189;147;97m▀[48;2;251;230;199m[38;2;187;150;103m▀[48;2;248;227;196m[38;2;44;39;36m▀[48;2;246;223;192m[38;2;248;229;193m▀[48;2;118;91;55m[38;2;248;227;196m▀[48;2;157;120;78m[38;2;228;211;186m▀[48;2;194;151;104m[38;2;172;156;138m▀[48;2;55;56;70m[38;2;127;121;155m▀[0m            [0m
            [38;2;160;173;176m▀[38;2;217;221;216m▀[48;2;140;154;155m[38;2;156;175;179m▀[48;2;218;221;219m[38;2;222;224;221m▀[0m[38;2;180;195;191m▀[0m      [38;2;161;139;125m▀[38;2;154;136;122m▀[38;2;116;109;95m▀[38;2;154;137;124m▀[38;2;154;136;122m▀[38;2;157;136;123m▀[38;2;156;139;123m▀[38;2;158;141;122m▀[38;2;180;161;141m▀[48;2;108;105;94m[38;2;243;226;197m▀[48;2;154;137;119m[38;2;241;224;198m▀[48;2;153;135;120m[38;2;152;135;119m▀[0m                     [48;2;87;68;48m[38;2;76;65;44m▀[48;2;90;70;45m[38;2;96;76;51m▀[48;2;89;72;47m[38;2;81;65;44m▀[48;2;94;74;49m[38;2;95;75;50m▀[48;2;94;75;58m[38;2;96;76;49m▀[48;2;93;73;48m[38;2;94;74;49m▀[38;2;77;61;42m▀[48;2;66;53;38m[38;2;96;77;53m▀[48;2;131;137;171m[38;2;86;95;116m▀[48;2;50;49;44m[38;2;83;80;75m▀[48;2;50;47;42m[38;2;54;51;46m▀[48;2;92;91;89m[38;2;51;45;38m▀[48;2;249;228;194m[38;2;249;227;196m▀[48;2;247;226;195m[38;2;197;181;162m▀[48;2;228;212;186m[38;2;249;227;202m▀[48;2;120;103;81m[38;2;247;227;192m▀[48;2;89;81;70m[38;2;83;73;57m▀[48;2;195;151;98m[38;2;88;66;43m▀[48;2;59;40;16m[38;2;127;97;59m▀[48;2;188;144;96m[38;2;190;146;99m▀[48;2;191;149;101m[38;2;192;148;101m▀[48;2;124;121;156m[38;2;61;60;76m▀[0m            [0m
                                                        [48;2;92;70;44m[38;2;93;74;52m▀[48;2;92;72;47m[38;2;93;73;48m▀[48;2;93;73;47m[38;2;90;72;48m▀[48;2;94;74;49m[38;2;94;74;50m▀[48;2;91;71;45m[38;2;60;49;31m▀[48;2;94;74;49m[38;2;91;70;45m▀[48;2;92;72;47m[38;2;92;72;47m▀[48;2;91;74;48m[38;2;91;73;48m▀[48;2;131;144;180m[38;2;49;48;43m▀[48;2;102;101;97m[38;2;96;95;91m▀[48;2;95;94;90m[38;2;97;93;90m▀[48;2;92;92;83m[38;2;46;44;37m▀[48;2;134;143;172m[38;2;244;225;201m▀[48;2;42;44;36m[38;2;217;201;183m▀[48;2;25;24;19m[38;2;197;172;150m▀[48;2;22;21;16m[38;2;193;168;143m▀[48;2;89;70;48m[38;2;250;228;193m▀[48;2;246;223;192m[38;2;39;38;33m▀[48;2;80;62;36m[38;2;179;138;102m▀[48;2;97;77;48m[38;2;85;66;36m▀[48;2;174;137;94m[38;2;191;149;99m▀[48;2;190;148;98m[38;2;157;124;85m▀[48;2;102;99;123m[38;2;105;101;129m▀[0m           [0m
                                                        [48;2;97;77;52m[38;2;92;72;45m▀[48;2;93;73;48m[38;2;97;76;49m▀[48;2;92;72;47m[38;2;93;73;48m▀[48;2;92;71;47m[38;2;95;75;50m▀[48;2;91;71;46m[38;2;89;69;44m▀[48;2;52;41;23m[38;2;95;73;48m▀[48;2;91;71;46m[38;2;93;73;48m▀[48;2;93;73;48m[38;2;93;70;42m▀[48;2;112;121;145m[38;2;128;141;172m▀[48;2;94;93;89m[38;2;95;96;91m▀[48;2;69;72;73m[38;2;95;94;90m▀[48;2;112;92;49m[38;2;99;99;90m▀[48;2;74;74;52m[38;2;109;126;145m▀[48;2;252;232;205m[38;2;251;232;200m▀[48;2;253;234;204m[38;2;248;227;198m▀[48;2;249;229;202m[38;2;198;173;151m▀[48;2;80;63;42m[38;2;97;78;54m▀[48;2;91;71;46m[38;2;175;159;138m▀[48;2;248;228;197m[38;2;141;124;108m▀[48;2;35;28;20m[38;2;192;147;93m▀[48;2;189;144;95m[38;2;163;129;89m▀[48;2;186;146;98m[38;2;182;139;94m▀[48;2;98;84;74m[38;2;125;122;153m▀[0m[38;2;118;115;145m▄[0m          [0m
                                                        [48;2;91;70;43m[38;2;91;72;47m▀[48;2;91;71;46m[38;2;94;74;49m▀[38;2;91;71;46m▀[48;2;89;72;46m[38;2;94;74;47m▀[48;2;92;72;47m[38;2;91;71;46m▀[48;2;88;70;44m[38;2;92;73;48m▀[48;2;90;70;45m[38;2;92;72;47m▀[48;2;98;78;53m[38;2;95;75;50m▀[48;2;131;143;174m[38;2;61;59;46m▀[48;2;98;95;90m[38;2;180;141;83m▀[48;2;97;96;91m[38;2;95;79;50m▀[48;2;97;93;90m[38;2;92;92;84m▀[48;2;125;139;166m[38;2;129;144;177m▀[48;2;41;35;37m[38;2;88;75;65m▀[48;2;254;235;205m[38;2;252;233;203m▀[48;2;251;231;204m[38;2;251;231;202m▀[48;2;251;232;202m[38;2;194;172;148m▀[48;2;196;172;146m[38;2;92;72;47m▀[48;2;91;71;47m[38;2;90;72;48m▀[48;2;254;236;204m[38;2;250;230;197m▀[48;2;248;228;194m[38;2;31;25;20m▀[48;2;40;34;29m[38;2;193;147;98m▀[48;2;187;145;95m[38;2;188;145;98m▀[48;2;119;119;145m[38;2;94;95;114m▀[0m          [0m
                                                        [48;2;93;74;44m[38;2;93;73;50m▀[48;2;94;74;49m[38;2;91;71;46m▀▀[48;2;53;44;27m[38;2;64;51;35m▀[48;2;89;69;44m[38;2;92;72;47m▀[48;2;93;73;48m[38;2;90;70;45m▀[48;2;91;72;48m[38;2;61;46;30m▀[48;2;90;71;45m[38;2;95;73;49m▀[48;2;88;83;80m[38;2;125;141;173m▀[48;2;151;113;68m[38;2;94;93;89m▀[48;2;106;85;54m[38;2;60;56;57m▀[48;2;95;95;94m[38;2;171;129;75m▀[48;2;94;106;128m[38;2;58;72;85m▀[48;2;131;146;177m[38;2;75;83;95m▀[48;2;252;233;204m[38;2;253;233;205m▀[48;2;253;232;204m[38;2;252;233;203m▀[48;2;252;232;203m▀[48;2;252;233;203m▀[48;2;253;234;204m[38;2;190;168;147m▀[48;2;247;229;201m[38;2;251;230;201m▀[48;2;252;233;203m[38;2;248;229;202m▀[48;2;188;168;143m[38;2;247;226;195m▀[48;2;248;225;195m[38;2;31;29;26m▀[48;2;39;39;34m[38;2;169;135;92m▀[0m[38;2;120;117;144m▄[0m         [0m
                                                        [48;2;97;75;51m[38;2;92;74;50m▀[48;2;98;78;53m[38;2;92;72;47m▀[48;2;92;72;47m▀[48;2;94;74;50m[38;2;83;68;47m▀[48;2;91;71;46m[38;2;93;73;48m▀[48;2;92;72;47m[38;2;92;72;47m▀[48;2;93;73;48m▀[48;2;43;40;33m[38;2;39;32;20m▀[48;2;130;144;175m[38;2;130;143;174m▀[48;2;93;92;88m[38;2;90;89;85m▀[48;2;96;95;91m[38;2;94;93;89m▀[48;2;97;96;92m[38;2;47;48;43m▀[48;2;90;91;85m[38;2;56;59;60m▀[48;2;132;145;177m[38;2;128;143;173m▀[48;2;45;41;27m[38;2;248;232;205m▀[48;2;252;233;203m[38;2;253;232;203m▀[38;2;253;234;204m▀[48;2;253;234;204m[38;2;252;232;203m▀[48;2;252;233;203m[38;2;252;233;202m▀[48;2;49;42;31m[38;2;215;197;172m▀[48;2;50;46;42m[38;2;252;233;203m▀[48;2;48;45;39m[38;2;251;231;202m▀[48;2;25;22;17m[38;2;184;164;146m▀[48;2;80;58;32m[38;2;247;224;191m▀[48;2;247;226;195m[38;2;63;60;74m▀[0m[38;2;76;69;31m▄[0m        [0m
                                                        [48;2;91;72;47m[38;2;94;74;49m▀[48;2;93;72;48m[38;2;93;73;48m▀[48;2;93;73;48m[38;2;91;71;46m▀[48;2;92;72;47m[38;2;92;73;43m▀[48;2;91;73;47m[38;2;95;75;51m▀[48;2;88;68;43m[38;2;92;72;47m▀[48;2;90;70;44m▀[48;2;45;51;57m[38;2;34;33;30m▀[48;2;129;141;173m[38;2;132;145;177m▀[48;2;95;94;90m[38;2;92;91;87m▀[48;2;96;95;91m[38;2;97;96;92m▀[48;2;95;94;90m[38;2;94;93;89m▀[48;2;97;96;93m[38;2;94;93;88m▀[48;2;129;143;176m[38;2;130;144;173m▀[48;2;129;142;174m[38;2;36;36;45m▀[48;2;252;232;205m[38;2;252;233;203m▀[48;2;252;233;203m[38;2;252;233;201m▀[48;2;251;232;202m[38;2;250;233;202m▀[48;2;253;234;204m[38;2;252;233;201m▀[48;2;46;45;41m[38;2;44;43;38m▀[48;2;46;43;38m[38;2;46;44;39m▀[48;2;48;45;40m[38;2;48;46;40m▀[48;2;49;46;41m[38;2;50;47;42m▀[48;2;66;47;32m[38;2;22;20;18m▀[48;2;91;74;48m[38;2;67;57;47m▀[48;2;195;174;150m[38;2;98;101;131m▀[0m        [0m
                                                        [48;2;41;31;22m[38;2;82;65;42m▀[48;2;89;69;44m[38;2;95;75;51m▀[48;2;92;72;47m[38;2;92;72;47m▀[48;2;93;73;49m[38;2;93;73;48m▀[48;2;45;33;21m[38;2;86;67;47m▀[48;2;90;70;45m[38;2;94;74;47m▀[48;2;85;68;49m[38;2;92;72;47m▀[48;2;128;141;173m[38;2;104;117;140m▀[48;2;94;110;132m[38;2;112;123;148m▀[48;2;95;94;90m[38;2;94;93;89m▀[48;2;97;96;92m▀[48;2;94;93;89m[38;2;93;92;88m▀[48;2;96;95;91m[38;2;96;95;91m▀[48;2;53;54;53m[38;2;120;132;164m▀[48;2;129;144;175m[38;2;132;143;176m▀[48;2;26;31;25m[38;2;153;140;120m▀[48;2;252;233;203m[38;2;250;233;203m▀[48;2;250;233;203m[38;2;251;232;202m▀[48;2;252;233;203m[38;2;252;233;201m▀[48;2;252;232;203m[38;2;45;46;40m▀[48;2;251;205;167m[38;2;49;47;42m▀[48;2;250;208;167m[38;2;48;45;39m▀[48;2;205;149;118m[38;2;34;34;28m▀[48;2;92;72;47m[38;2;84;66;42m▀[48;2;92;72;48m[38;2;92;73;49m▀[48;2;95;75;51m[38;2;95;75;48m▀[48;2;114;100;65m[38;2;85;74;43m▀[0m       [0m
                                                         [48;2;91;70;46m[38;2;94;72;48m▀[48;2;94;74;49m[38;2;93;73;49m▀[48;2;88;69;48m[38;2;90;70;46m▀[48;2;89;69;44m[38;2;84;66;46m▀[48;2;93;73;47m[38;2;92;70;46m▀[48;2;101;91;78m[38;2;59;45;29m▀[48;2;129;144;177m[38;2;130;145;177m▀[48;2;62;70;84m[38;2;88;96;115m▀[48;2;36;33;28m[38;2;94;93;89m▀[48;2;97;93;90m[38;2;92;91;87m▀[48;2;97;95;91m[38;2;97;96;91m▀[48;2;22;21;18m[38;2;95;94;91m▀[48;2;27;25;21m[38;2;25;24;20m▀[48;2;132;144;176m[38;2;127;142;172m▀[48;2;133;145;176m[38;2;130;143;176m▀[48;2;184;173;153m[38;2;251;233;204m▀[48;2;252;228;201m[38;2;253;234;204m▀[48;2;251;233;203m[38;2;144;130;110m▀[48;2;42;35;25m[38;2;254;234;205m▀[48;2;249;206;168m[38;2;251;208;166m▀[48;2;250;206;167m[38;2;252;209;167m▀[48;2;251;209;167m[38;2;252;208;169m▀[48;2;39;39;33m[38;2;45;46;40m▀[48;2;48;44;37m[38;2;89;71;47m▀[48;2;88;68;43m[38;2;88;68;44m▀[48;2;45;41;25m[38;2;101;102;128m▀[48;2;27;26;14m[38;2;55;52;26m▀[0m      [0m
                                                         [48;2;85;65;41m[38;2;90;71;46m▀[48;2;93;73;48m[38;2;95;75;50m▀[48;2;93;71;51m[38;2;54;41;22m▀[48;2;94;74;50m[38;2;91;71;47m▀[48;2;91;71;47m[38;2;92;72;47m▀[48;2;248;235;217m[38;2;149;136;124m▀[48;2;106;118;139m[38;2;130;143;175m▀[48;2;44;49;57m[38;2;46;52;62m▀[48;2;23;23;15m[38;2;47;46;41m▀[48;2;50;47;42m▀[48;2;47;46;41m[38;2;26;23;18m▀[48;2;26;24;19m[38;2;45;44;39m▀[48;2;26;25;21m[38;2;26;25;21m▀[48;2;46;43;38m[38;2;47;56;74m▀[48;2;81;94;110m[38;2;132;144;176m▀[48;2;49;46;39m[38;2;36;35;29m▀[48;2;50;47;42m[38;2;230;215;193m▀[48;2;48;45;38m[38;2;48;46;41m▀[48;2;47;44;39m[38;2;49;46;39m▀[48;2;47;46;41m[38;2;216;180;147m▀[48;2;69;56;43m[38;2;251;207;168m▀[48;2;47;46;41m[38;2;241;197;164m▀[48;2;49;46;41m[38;2;47;44;39m▀[48;2;140;133;122m[38;2;50;47;42m▀[48;2;90;70;46m[38;2;46;45;40m▀[48;2;89;69;45m[38;2;96;73;51m▀[48;2;112;110;142m[38;2;51;51;63m▀[0m      [0m
                                                         [48;2;67;55;42m[38;2;86;67;47m▀[48;2;90;71;47m[38;2;92;72;48m▀[48;2;92;72;47m[38;2;91;73;49m▀[48;2;91;72;47m[38;2;91;71;46m▀[48;2;92;72;47m[38;2;92;72;48m▀[48;2;94;72;48m[38;2;97;73;49m▀[48;2;44;41;36m[38;2;69;76;92m▀[48;2;49;46;41m[38;2;37;40;43m▀[48;2;49;46;39m[38;2;47;44;37m▀[48;2;47;44;39m[38;2;27;24;19m▀[48;2;45;42;37m[38;2;25;24;19m▀[48;2;48;45;40m[38;2;26;25;20m▀[48;2;44;43;38m[38;2;48;45;39m▀[48;2;49;46;41m[38;2;51;48;43m▀[48;2;47;44;39m[38;2;50;47;40m▀[38;2;50;47;42m▀[38;2;51;48;43m▀[48;2;52;49;44m[38;2;49;46;39m▀[48;2;49;46;41m[38;2;50;47;40m▀[48;2;226;214;192m[38;2;51;48;43m▀[48;2;50;47;42m[38;2;46;43;38m▀[48;2;73;58;39m[38;2;47;46;41m▀[48;2;86;67;45m[38;2;49;48;44m▀[48;2;90;72;48m[38;2;36;28;18m▀[48;2;91;71;47m[38;2;91;71;46m▀[48;2;92;72;47m[38;2;94;74;49m▀[48;2;90;87;115m[38;2;113;109;142m▀[48;2;66;65;64m[38;2;41;39;26m▀[0m     [0m
                                                         [48;2;249;226;193m[38;2;239;220;190m▀[48;2;91;71;46m[38;2;89;70;44m▀[48;2;94;74;50m[38;2;89;69;45m▀[48;2;85;68;46m[38;2;59;46;32m▀[48;2;90;70;46m[38;2;91;71;46m▀[48;2;36;32;27m[38;2;64;53;40m▀[48;2;49;46;41m[38;2;49;46;41m▀[48;2;51;47;35m[38;2;50;47;42m▀[48;2;47;44;39m[38;2;46;43;38m▀[48;2;40;36;28m[38;2;48;45;40m▀[48;2;48;45;40m▀[48;2;44;41;36m[38;2;50;48;43m▀[48;2;48;46;41m[38;2;52;49;46m▀[48;2;49;46;41m[38;2;50;47;42m▀[48;2;201;147;119m[38;2;48;45;39m▀[48;2;44;47;42m[38;2;49;46;41m▀[48;2;47;46;41m[38;2;50;50;43m▀[48;2;202;145;113m[38;2;46;46;39m▀[48;2;91;76;55m[38;2;36;31;24m▀[48;2;89;69;45m[38;2;49;46;41m▀[48;2;90;72;49m[38;2;38;31;21m▀[48;2;91;71;46m[38;2;93;74;50m▀[48;2;93;73;49m[38;2;92;72;48m▀[48;2;50;40;27m[38;2;57;45;29m▀[48;2;91;71;46m[38;2;88;68;43m▀[48;2;91;71;47m▀[48;2;91;70;46m[38;2;71;57;37m▀[0m[38;2;94;91;120m▀[0m     [0m
                                                         [48;2;251;226;196m[38;2;249;226;192m▀[48;2;86;69;42m[38;2;87;67;43m▀[48;2;91;71;46m[38;2;93;73;49m▀[48;2;94;74;49m[38;2;92;72;48m▀[48;2;90;72;48m[38;2;88;68;44m▀[48;2;93;73;48m[38;2;34;33;29m▀[48;2;90;70;46m[38;2;48;45;40m▀[48;2;90;69;47m[38;2;47;44;39m▀[48;2;99;69;54m[38;2;169;131;112m▀[48;2;200;143;111m[38;2;50;45;39m▀[48;2;204;149;119m[38;2;45;46;42m▀[48;2;207;150;120m[38;2;202;143;114m▀[48;2;202;147;115m[38;2;51;44;40m▀[48;2;92;73;47m[38;2;48;46;41m▀[48;2;204;145;115m[38;2;199;144;114m▀[48;2;203;148;118m[38;2;202;147;117m▀[48;2;201;146;116m[38;2;199;146;114m▀[48;2;199;146;115m[38;2;202;146;116m▀[48;2;59;44;28m[38;2;62;49;27m▀[48;2;93;73;49m[38;2;89;69;45m▀[48;2;91;71;46m[38;2;94;74;50m▀[48;2;92;72;48m[38;2;88;68;44m▀[48;2;89;70;45m[38;2;89;69;44m▀[48;2;56;42;26m[38;2;59;45;28m▀[48;2;91;71;46m[38;2;92;75;49m▀[48;2;89;69;45m[38;2;89;69;45m▀[48;2;93;71;48m[38;2;91;71;47m▀[0m      [0m
                                                         [48;2;34;31;26m[38;2;197;179;158m▀[48;2;239;222;189m[38;2;76;66;51m▀[48;2;89;71;47m[38;2;90;70;46m▀[48;2;89;69;44m[38;2;93;73;48m▀[48;2;90;72;49m[38;2;52;39;23m▀[48;2;91;71;47m[38;2;91;71;47m▀[48;2;86;66;42m[38;2;88;68;44m▀[48;2;91;71;46m[38;2;89;69;45m▀[48;2;88;71;45m[38;2;71;56;37m▀[48;2;251;208;166m[38;2;202;146;115m▀[48;2;251;208;167m[38;2;251;208;166m▀[48;2;251;208;166m[38;2;200;145;114m▀[48;2;154;114;89m[38;2;192;143;119m▀[48;2;95;75;50m[38;2;91;71;46m▀[48;2;76;57;40m[38;2;180;137;113m▀[48;2;251;207;168m[38;2;199;144;114m▀[48;2;250;206;167m[38;2;198;143;112m▀[48;2;203;147;117m[38;2;201;146;116m▀[48;2;203;159;131m[38;2;103;76;55m▀[48;2;89;71;47m[38;2;94;73;48m▀[48;2;90;73;47m[38;2;93;73;48m▀[48;2;87;67;42m[38;2;91;71;46m▀[48;2;93;73;49m▀[48;2;63;52;35m[38;2;50;39;23m▀[48;2;88;68;43m[38;2;91;71;47m▀[48;2;87;67;43m[38;2;95;75;51m▀[48;2;90;72;48m[38;2;93;73;47m▀[0m      [0m
                                                         [38;2;30;31;18m▀[48;2;248;226;196m[38;2;250;227;196m▀[48;2;92;71;46m[38;2;87;67;43m▀[48;2;92;72;48m[38;2;92;72;47m▀[48;2;90;70;46m[38;2;91;71;46m▀[48;2;90;71;47m[38;2;93;73;48m▀[48;2;91;71;46m[38;2;91;71;46m▀[48;2;92;72;47m[38;2;93;73;49m▀[48;2;93;73;49m[38;2;86;68;44m▀[48;2;251;208;166m[38;2;252;207;168m▀[48;2;252;209;167m[38;2;251;207;168m▀[48;2;251;207;166m[38;2;252;209;167m▀[48;2;119;91;64m[38;2;157;127;100m▀[48;2;91;71;46m[38;2;88;68;42m▀[48;2;89;71;47m[38;2;88;71;47m▀[48;2;252;208;167m[38;2;252;208;169m▀[48;2;252;209;170m▀[48;2;250;208;166m[38;2;250;207;165m▀[48;2;250;208;168m[38;2;249;205;161m▀[48;2;73;57;40m[38;2;87;71;47m▀[48;2;91;71;46m[38;2;92;72;47m▀[48;2;92;72;47m[38;2;91;71;46m▀[48;2;90;70;45m[38;2;94;74;49m▀[48;2;74;60;41m[38;2;67;54;36m▀[48;2;91;71;47m[38;2;88;68;43m▀[48;2;92;72;48m[38;2;93;73;48m▀[48;2;90;72;48m[38;2;90;70;46m▀[0m      [0m
                                                          [48;2;39;34;29m[38;2;200;180;158m▀[48;2;117;99;87m[38;2;77;59;36m▀[48;2;91;71;47m[38;2;90;70;46m▀[48;2;88;68;44m[38;2;88;68;43m▀[48;2;86;71;49m[38;2;56;42;25m▀[48;2;88;68;44m[38;2;90;70;46m▀[48;2;92;72;48m[38;2;89;69;45m▀[48;2;89;69;44m[38;2;90;72;48m▀[48;2;248;206;171m[38;2;251;207;168m▀[48;2;250;208;168m[38;2;250;207;164m▀[48;2;252;208;167m[38;2;252;209;167m▀[48;2;119;93;70m[38;2;94;65;45m▀[48;2;89;69;44m[38;2;90;70;45m▀[48;2;91;71;46m[38;2;88;68;43m▀[48;2;87;69;46m[38;2;130;104;77m▀[48;2;251;208;166m[38;2;250;208;166m▀[48;2;251;208;168m[38;2;252;208;169m▀[48;2;251;207;168m[38;2;253;208;169m▀[48;2;62;49;32m[38;2;48;34;21m▀[48;2;91;71;46m[38;2;92;72;47m▀[48;2;89;69;44m[38;2;89;69;45m▀[48;2;90;70;45m[38;2;90;70;45m▀[48;2;69;59;44m[38;2;71;58;39m▀[48;2;91;71;47m[38;2;94;74;50m▀[48;2;89;69;44m[38;2;90;70;46m▀[48;2;91;71;46m[38;2;93;73;49m▀[0m      [0m
                                                          [48;2;137;109;78m[38;2;35;32;27m▀[48;2;250;227;195m[38;2;248;224;191m▀[48;2;91;71;47m[38;2;92;72;48m▀[48;2;91;73;49m[38;2;91;71;47m▀[48;2;95;75;51m[38;2;94;74;49m▀[48;2;86;68;44m[38;2;92;72;48m▀[48;2;93;73;49m[38;2;92;72;47m▀[48;2;91;71;46m[38;2;93;73;48m▀[48;2;88;68;44m[38;2;82;66;46m▀[48;2;249;207;166m[38;2;253;209;167m▀[48;2;250;206;166m[38;2;250;208;169m▀[48;2;253;209;168m[38;2;246;205;168m▀[48;2;90;70;45m[38;2;89;69;45m▀[48;2;93;73;49m[38;2;91;71;46m▀[48;2;92;72;47m[38;2;90;70;46m▀[48;2;154;123;98m[38;2;250;207;163m▀[48;2;251;207;168m[38;2;251;208;166m▀[48;2;252;209;167m▀[48;2;249;207;165m[38;2;244;203;163m▀[48;2;90;70;45m[38;2;88;68;44m▀[48;2;89;69;44m[38;2;90;70;45m▀[48;2;86;66;42m[38;2;95;75;50m▀[48;2;54;42;28m[38;2;61;50;33m▀[48;2;91;71;46m[38;2;92;72;47m▀[48;2;89;69;45m[38;2;86;66;41m▀[48;2;92;72;48m[38;2;95;75;50m▀[48;2;61;49;31m[38;2;52;43;22m▀[0m     [0m
                                                          [48;2;174;138;96m[38;2;185;147;97m▀[48;2;36;35;29m[38;2;223;203;177m▀[48;2;71;55;31m[38;2;91;70;47m▀[48;2;91;71;46m[38;2;91;71;46m▀[48;2;92;72;47m[38;2;88;68;43m▀[48;2;85;69;47m[38;2;63;49;33m▀[48;2;91;71;47m[38;2;89;69;44m▀[48;2;92;72;47m[38;2;93;72;47m▀[48;2;90;70;45m[38;2;88;68;44m▀[48;2;251;207;168m[38;2;250;209;165m▀[48;2;249;205;164m[38;2;251;207;167m▀[48;2;250;207;165m[38;2;252;208;168m▀[48;2;192;173;151m[38;2;89;69;45m▀[48;2;92;71;45m[38;2;92;72;47m▀[48;2;87;67;42m[38;2;93;73;49m▀[48;2;91;73;49m[38;2;84;66;45m▀[48;2;77;57;41m[38;2;252;209;167m▀[48;2;41;36;30m[38;2;250;207;165m▀[48;2;50;46;43m[38;2;252;208;169m▀[48;2;42;42;37m[38;2;190;172;152m▀[48;2;147;133;113m[38;2;91;71;46m▀[48;2;87;67;40m[38;2;91;73;49m▀[48;2;36;27;17m[38;2;41;32;22m▀[48;2;91;71;46m[38;2;92;72;48m▀[48;2;86;68;42m[38;2;92;72;47m▀[48;2;93;73;49m[38;2;92;72;48m▀[48;2;85;64;41m[38;2;73;58;38m▀[0m     [0m
                                                          [38;2;57;45;19m▀[48;2;169;129;95m[38;2;35;33;29m▀[48;2;252;229;195m[38;2;203;188;166m▀[48;2;88;68;43m[38;2;93;73;46m▀[48;2;91;71;46m[38;2;92;72;47m▀[48;2;94;72;48m[38;2;92;71;47m▀[48;2;89;69;44m[38;2;90;70;46m▀[48;2;91;71;46m[38;2;94;74;49m▀[48;2;79;62;44m[38;2;90;71;46m▀[48;2;50;47;42m[38;2;37;33;22m▀[48;2;48;47;40m[38;2;77;66;51m▀[48;2;182;167;151m[38;2;45;42;35m▀[48;2;253;232;203m[38;2;183;172;152m▀[48;2;197;182;162m[38;2;118;103;84m▀[48;2;97;77;52m[38;2;89;72;46m▀[48;2;237;221;196m[38;2;70;62;43m▀[48;2;46;44;39m[38;2;48;45;40m▀[48;2;44;41;36m[38;2;51;48;43m▀[48;2;47;44;37m[38;2;48;45;40m▀[48;2;250;231;201m[38;2;116;104;91m▀[48;2;187;170;154m[38;2;244;227;202m▀[48;2;92;72;47m[38;2;94;74;49m▀[48;2;60;47;33m[38;2;35;29;17m▀[48;2;90;70;45m[38;2;88;68;43m▀[48;2;94;74;49m[38;2;90;70;45m▀[48;2;91;71;47m[38;2;92;72;47m▀[48;2;89;70;46m[38;2;90;70;51m▀[0m     [0m
                                                           [48;2;187;145;95m[38;2;190;147;94m▀[48;2;36;33;25m[38;2;225;203;181m▀[48;2;86;69;46m[38;2;95;75;50m▀[48;2;93;73;48m[38;2;91;71;46m▀[48;2;91;72;47m[38;2;94;74;49m▀[48;2;91;71;46m[38;2;48;38;24m▀[48;2;88;68;44m[38;2;89;69;45m▀[48;2;238;222;193m[38;2;239;220;201m▀[48;2;38;35;28m[38;2;44;43;38m▀[48;2;252;231;202m[38;2;37;33;27m▀[48;2;251;232;201m[38;2;252;233;202m▀[48;2;252;233;203m[38;2;254;233;204m▀[48;2;192;177;154m[38;2;210;194;171m▀[48;2;91;71;46m[38;2;93;73;48m▀[48;2;68;56;34m[38;2;114;98;81m▀[48;2;32;31;26m[38;2;46;45;40m▀[48;2;49;46;40m[38;2;49;46;41m▀[48;2;34;32;26m▀[48;2;254;233;202m[38;2;251;232;202m▀[48;2;105;95;87m[38;2;87;78;68m▀[48;2;93;73;49m[38;2;92;72;47m▀[48;2;88;69;44m[38;2;82;65;42m▀[48;2;91;71;46m[38;2;93;73;48m▀[48;2;94;74;49m[38;2;91;71;46m▀[48;2;90;70;45m[38;2;92;72;48m▀[48;2;179;139;88m[38;2;179;139;88m▀[0m     [0m
                                                           [38;2;186;144;94m▀[48;2;35;35;33m[38;2;35;35;33m▀[48;2;91;71;47m[38;2;89;81;65m▀[38;2;91;71;46m▀[38;2;91;71;47m▀[38;2;90;70;46m▀[38;2;93;71;47m▀[48;2;61;46;27m[38;2;244;226;198m▀[48;2;248;226;202m[38;2;125;116;99m▀[48;2;251;232;200m[38;2;252;233;202m▀[38;2;251;232;200m▀[38;2;252;233;203m▀[48;2;146;130;114m[38;2;136;121;100m▀[48;2;90;70;46m[38;2;90;70;45m▀[38;2;90;74;51m▀[48;2;177;155;137m[38;2;203;189;168m▀[48;2;251;232;200m[38;2;50;47;40m▀[48;2;136;120;102m[38;2;96;90;80m▀[48;2;251;232;200m[38;2;252;233;201m▀[48;2;240;219;192m[38;2;238;220;197m▀[48;2;133;105;73m[38;2;92;72;48m▀[48;2;90;70;45m[38;2;95;74;47m▀[38;2;91;71;47m▀[38;2;90;70;45m▀[48;2;179;139;88m[38;2;179;139;88m▀[48;2;206;160;102m[38;2;206;160;102m▀[0m     [0m
                                                              [48;2;35;35;33m[38;2;35;35;33m▀[48;2;91;71;47m[38;2;91;71;47m▀▀▀[48;2;86;69;49m[38;2;52;38;20m▀[48;2;251;232;203m[38;2;251;232;203m▀[48;2;252;231;201m[38;2;252;232;205m▀[48;2;251;232;200m[38;2;251;232;200m▀▀[48;2;59;46;31m[38;2;59;46;32m▀[48;2;92;72;48m[38;2;90;70;46m▀[48;2;92;71;46m[38;2;90;70;45m▀[48;2;65;53;36m[38;2;57;46;30m▀[48;2;251;232;200m[38;2;251;232;200m▀[48;2;94;84;69m[38;2;106;93;77m▀[48;2;251;232;200m[38;2;251;232;200m▀[48;2;250;224;191m[38;2;251;225;195m▀[48;2;68;51;30m[38;2;92;70;46m▀[48;2;90;70;45m[38;2;90;70;45m▀▀[48;2;179;139;88m▀[48;2;206;160;102m[38;2;179;139;88m▀[38;2;206;160;102m▀[0m     [0m
                                                                [38;2;91;71;47m▀▀[48;2;220;204;180m[38;2;184;166;145m▀[48;2;251;232;202m[38;2;251;232;206m▀[48;2;252;233;202m[38;2;252;232;201m▀[48;2;254;233;202m[38;2;253;233;204m▀[48;2;249;229;200m[38;2;251;232;200m▀[0m[38;2;42;33;17m▀[38;2;61;54;18m▀[0m  [48;2;251;232;200m[38;2;251;232;200m▀[48;2;160;143;120m[38;2;147;129;107m▀[48;2;251;232;200m[38;2;251;232;200m▀[48;2;248;227;194m[38;2;247;226;193m▀[48;2;66;52;32m[38;2;68;53;34m▀[48;2;63;50;33m[38;2;90;70;45m▀[48;2;90;70;45m▀[48;2;206;160;102m[38;2;179;139;88m▀[0m[38;2;206;160;102m▀[0m      [0m
                                                                 [48;2;252;232;205m[38;2;201;182;171m▀[48;2;251;232;202m[38;2;250;231;202m▀[38;2;252;233;201m▀[48;2;252;232;204m[38;2;252;232;202m▀[48;2;61;55;45m[38;2;252;233;203m▀[48;2;37;38;35m[38;2;253;233;202m▀[0m    [48;2;251;232;200m[38;2;251;232;200m▀[48;2;153;135;118m[38;2;89;79;62m▀[48;2;251;232;200m[38;2;251;232;200m▀[48;2;249;227;189m[38;2;248;227;191m▀[48;2;49;36;21m[38;2;63;50;33m▀[48;2;90;70;45m[38;2;49;36;21m▀[48;2;206;160;102m[38;2;206;160;102m▀[0m        [0m
                                                                [48;2;176;138;102m[38;2;192;174;154m▀[48;2;178;137;98m[38;2;252;233;203m▀[48;2;228;209;186m[38;2;252;233;201m▀[48;2;27;27;20m[38;2;252;233;203m▀[0m[38;2;39;34;27m▀[38;2;33;30;25m▀[0m     [48;2;251;232;200m[38;2;227;205;179m▀[48;2;227;210;185m[38;2;151;130;107m▀[38;2;251;232;200m▀[48;2;253;232;201m[38;2;197;180;159m▀[0m[38;2;30;33;11m▀▀[0m         [0m
                                                                          [38;2;65;57;46m▄[48;2;250;231;204m[38;2;252;233;203m▀[48;2;249;232;205m[38;2;239;219;192m▀[48;2;246;226;202m[38;2;253;232;201m▀▀[0m           [0m
                                                                          [38;2;137;110;85m▀[48;2;56;47;41m[38;2;111;88;68m▀[48;2;148;136;125m[38;2;252;234;203m▀[48;2;31;33;26m[38;2;164;130;95m▀[0m[38;2;31;30;25m▀[0m           [0m
