                                          [48;2;96;87;76m[38;2;228;210;193m▀[48;2;152;137;123m[38;2;245;228;212m▀[48;2;167;148;133m[38;2;169;150;136m▀[48;2;169;150;136m[38;2;166;147;132m▀[48;2;167;150;134m[38;2;177;160;142m▀[48;2;19;20;14m[38;2;17;17;15m▀[0m[38;2;163;146;132m▀[48;2;136;123;110m[38;2;168;150;136m▀[48;2;105;95;86m▀[48;2;240;224;207m[38;2;166;148;135m▀[0m                                      [0m
                                                 [48;2;20;22;11m[38;2;29;29;17m▀[48;2;72;67;61m[38;2;103;96;86m▀[48;2;40;35;26m[38;2;131;124;109m▀[0m[38;2;152;137;124m▄[0m                                     [0m
                                                 [38;2;21;21;13m▀[48;2;171;164;153m[38;2;40;38;33m▀[48;2;101;97;91m[38;2;155;142;133m▀[48;2;145;134;126m[38;2;166;156;148m▀[0m                                     [0m
                                                  [38;2;23;21;19m▀[48;2;92;83;75m[38;2;43;42;40m▀[48;2;35;40;40m[38;2;45;43;35m▀[0m                                     [0m
                                                   [38;2;90;84;78m▀[48;2;108;97;85m[38;2;61;58;48m▀[0m                                     [0m
                                                    [48;2;248;212;169m[38;2;95;81;63m▀[48;2;252;214;178m[38;2;253;215;181m▀[48;2;252;216;178m[38;2;200;168;132m▀[0m                                   [0m
                                                    [38;2;253;216;179m▀[48;2;252;214;177m[38;2;252;214;177m▀[48;2;250;214;176m[38;2;252;214;178m▀[0m             [38;2;146;141;171m▄[38;2;92;92;119m▄[0m                    [0m
                                                    [38;2;54;51;46m▄[48;2;57;56;51m[38;2;245;213;181m▀[48;2;30;28;23m[38;2;56;55;46m▀[48;2;57;54;48m[38;2;58;55;48m▀[48;2;59;56;49m[38;2;56;53;47m▀[0m        [38;2;146;141;171m▄[0m [38;2;143;138;169m▀[38;2;118;116;137m▄[0m [38;2;146;141;171m▄▀▀[0m                 [0m
                                                    [48;2;53;50;45m[38;2;56;53;48m▀[48;2;58;55;50m▀[48;2;58;54;44m[38;2;75;58;33m▀[48;2;56;53;48m[38;2;56;53;46m▀[48;2;55;54;49m[38;2;53;50;43m▀[0m[38;2;184;166;150m▄[0m     [38;2;144;139;168m▄▀[38;2;148;143;175m▄[38;2;147;140;174m▄[48;2;148;143;173m[38;2;92;92;119m▀[48;2;148;143;174m▀[48;2;148;141;172m[38;2;150;142;176m▀[48;2;148;143;173m[38;2;142;136;165m▀[0m[38;2;148;143;173m▄[38;2;147;143;171m▄[0m [38;2;146;141;171m▄[0m               [0m
                                                     [48;2;251;230;209m[38;2;225;209;190m▀[48;2;252;233;208m[38;2;53;49;45m▀[48;2;254;237;209m[38;2;246;227;211m▀[48;2;252;235;209m[38;2;253;234;207m▀[48;2;252;233;206m[38;2;252;234;208m▀[0m     [48;2;220;196;216m[38;2;146;143;173m▀[48;2;147;139;172m[38;2;144;139;168m▀[48;2;143;141;172m[38;2;146;141;172m▀[48;2;145;140;170m[38;2;146;142;171m▀[48;2;199;183;210m[38;2;146;141;173m▀[48;2;146;140;170m[38;2;146;141;171m▀[48;2;146;141;171m[38;2;147;142;172m▀[48;2;146;139;170m[38;2;147;141;170m▀[48;2;152;146;175m[38;2;123;119;143m▀[48;2;149;142;171m[38;2;148;143;171m▀[48;2;199;184;211m[38;2;148;142;167m▀[0m[38;2;185;166;183m▄[0m               [0m
                                                      [48;2;252;234;208m[38;2;251;236;207m▀[48;2;252;235;208m[38;2;252;235;209m▀[48;2;252;235;209m[38;2;252;235;207m▀[38;2;250;233;205m▀[0m    [48;2;128;123;153m[38;2;151;137;152m▀[48;2;133;129;157m[38;2;141;126;143m▀[48;2;144;139;167m[38;2;175;164;190m▀[48;2;144;139;169m[38;2;197;183;205m▀[48;2;144;140;167m[38;2;146;141;171m▀[48;2;140;135;165m[38;2;148;139;169m▀[48;2;84;81;100m[38;2;138;134;163m▀[48;2;43;45;48m[38;2;124;121;146m▀[48;2;80;78;95m[38;2;145;141;169m▀[48;2;95;89;115m[38;2;144;139;169m▀[48;2;145;140;170m[38;2;143;138;168m▀[48;2;143;138;169m[38;2;99;95;115m▀[48;2;143;139;169m[38;2;145;139;169m▀[48;2;153;143;169m[38;2;142;136;162m▀[0m              [0m
                                                      [38;2;205;193;173m▀[48;2;252;235;209m[38;2;252;235;208m▀[48;2;251;235;207m[38;2;252;235;209m▀[48;2;251;234;208m[38;2;252;234;209m▀[48;2;251;234;206m[38;2;192;179;157m▀[0m   [38;2;83;86;124m▀[48;2;70;72;90m[38;2;83;83;104m▀[48;2;142;137;169m[38;2;142;138;166m▀[48;2;79;80;99m[38;2;139;135;170m▀[48;2;113;109;134m[38;2;135;133;163m▀[48;2;241;204;170m[38;2;69;66;86m▀[48;2;40;33;23m[38;2;64;57;58m▀[48;2;9;10;10m[38;2;218;180;155m▀[48;2;145;141;168m[38;2;97;93;117m▀[48;2;143;138;168m[38;2;134;130;158m▀[48;2;141;138;169m[38;2;142;136;166m▀[48;2;127;122;147m[38;2;143;139;168m▀[48;2;131;129;157m[38;2;52;52;68m▀[48;2;102;101;126m[38;2;139;133;164m▀[48;2;141;136;167m[38;2;141;132;154m▀[0m[38;2;138;133;163m▄[0m            [0m
                                                       [38;2;253;234;206m▀[48;2;251;234;208m[38;2;252;235;209m▀[48;2;252;235;209m[38;2;251;234;204m▀[48;2;170;152;130m[38;2;252;235;209m▀[0m[38;2;193;177;153m▄[0m   [38;2;121;118;150m▀[48;2;140;133;165m[38;2;139;134;165m▀[48;2;128;129;181m[38;2;83;86;124m▀[48;2;250;221;191m[38;2;160;134;108m▀[48;2;251;212;174m[38;2;252;211;177m▀[48;2;128;129;181m[38;2;128;129;181m▀[48;2;250;221;191m[38;2;250;221;191m▀[48;2;81;73;97m[38;2;90;81;110m▀[48;2;139;132;163m[38;2;103;100;122m▀[48;2;139;136;166m[38;2;141;136;168m▀[48;2;121;93;75m[38;2;92;91;110m▀[48;2;83;66;68m[38;2;136;131;162m▀[48;2;68;67;89m[38;2;135;129;162m▀[48;2;35;37;36m[38;2;109;106;134m▀[48;2;131;127;155m[38;2;76;73;92m▀[0m            [0m
                                                        [38;2;251;234;207m▀[48;2;251;235;208m[38;2;245;228;201m▀[48;2;190;171;147m[38;2;208;186;163m▀[48;2;150;133;114m[38;2;193;178;156m▀[48;2;136;121;96m[38;2;181;164;136m▀[48;2;28;28;21m[38;2;64;58;45m▀[0m[38;2;193;151;104m▄[0m  [48;2;220;186;156m[38;2;252;214;174m▀[48;2;250;210;173m[38;2;252;213;174m▀[38;2;251;212;173m▀[38;2;250;210;174m▀[48;2;183;162;136m[38;2;251;211;174m▀[48;2;247;226;195m[38;2;252;231;200m▀[48;2;43;33;21m[38;2;252;229;198m▀[48;2;55;45;35m[38;2;107;105;131m▀[48;2;51;48;69m[38;2;168;128;108m▀[48;2;138;133;165m[38;2;103;100;126m▀[48;2;127;123;149m[38;2;132;128;153m▀[48;2;131;130;158m[38;2;79;78;102m▀[48;2;96;101;122m[38;2;135;130;161m▀[48;2;115;116;134m[38;2;115;106;126m▀[0m           [0m
                                                         [48;2;151;136;118m[38;2;199;186;169m▀[48;2;38;40;28m[38;2;250;234;207m▀[48;2;145;130;107m[38;2;250;230;206m▀[48;2;164;147;129m[38;2;154;137;115m▀[48;2;34;31;24m[38;2;35;33;28m▀[48;2;195;152;102m[38;2;194;152;102m▀[48;2;106;86;55m[38;2;242;215;189m▀[0m[38;2;166;131;95m▄[48;2;185;146;101m[38;2;40;47;32m▀[48;2;138;120;104m[38;2;250;210;173m▀[48;2;82;71;48m[38;2;252;213;174m▀[48;2;207;153;122m▀[48;2;206;153;122m[38;2;255;214;176m▀[48;2;205;152;121m[38;2;206;155;124m▀[48;2;202;153;123m[38;2;128;128;157m▀[48;2;165;149;137m[38;2;60;56;77m▀[48;2;76;73;85m[38;2;80;73;106m▀[48;2;94;86;77m[38;2;133;128;158m▀[48;2;39;29;22m[38;2;77;72;95m▀[48;2;72;67;86m[38;2;88;83;113m▀[48;2;65;60;84m[38;2;107;103;130m▀[48;2;132;125;158m[38;2;71;78;91m▀[0m           [0m
                                                          [48;2;243;221;198m[38;2;136;131;113m▀[48;2;33;41;20m[38;2;72;75;55m▀[48;2;76;68;53m[38;2;190;171;150m▀[48;2;42;37;25m[38;2;36;32;24m▀[48;2;190;152;104m[38;2;190;151;105m▀[48;2;117;91;58m[38;2;139;111;75m▀[48;2;172;137;96m[38;2;122;95;60m▀[48;2;194;150;101m[38;2;195;153;101m▀[48;2;79;62;45m[38;2;86;69;48m▀[48;2;169;154;134m[38;2;107;98;95m▀[48;2;248;229;202m[38;2;132;99;79m▀[48;2;187;172;151m[38;2;136;114;94m▀[48;2;195;174;147m[38;2;191;166;146m▀[48;2;131;115;99m[38;2;195;174;150m▀[48;2;28;28;29m[38;2;130;116;98m▀[48;2;192;150;104m[38;2;58;55;52m▀[48;2;193;151;103m[38;2;135;110;73m▀[48;2;192;150;102m[38;2;193;150;101m▀[48;2;170;136;94m[38;2;70;70;58m▀[0m[38;2;132;126;155m▀[48;2;127;122;152m[38;2;130;125;156m▀[48;2;106;103;125m[38;2;72;69;90m▀[48;2;118;115;141m[38;2;108;104;133m▀[0m         [0m
                                                          [48;2;161;139;125m[38;2;233;216;192m▀[0m [38;2;40;50;41m▀[48;2;230;212;185m[38;2;117;108;92m▀[48;2;191;150;101m[38;2;189;151;104m▀[48;2;70;47;25m[38;2;96;73;41m▀[48;2;163;129;95m[38;2;179;143;106m▀[48;2;193;152;102m[38;2;193;152;103m▀[48;2;38;32;15m[38;2;251;229;202m▀[48;2;249;228;199m[38;2;136;127;115m▀[48;2;249;228;198m[38;2;114;98;85m▀[48;2;164;147;123m[38;2;211;194;175m▀[48;2;235;213;193m[38;2;163;148;126m▀[48;2;190;150;99m[38;2;38;30;16m▀[48;2;192;150;102m[38;2;177;144;104m▀[48;2;193;151;103m[38;2;192;152;102m▀[48;2;190;150;102m[38;2;191;151;100m▀[48;2;187;147;102m[38;2;111;87;58m▀[48;2;111;92;62m[38;2;192;145;99m▀[0m [38;2;122;116;150m▀[38;2;123;122;153m▀[38;2;62;58;80m▀[48;2;125;119;150m[38;2;63;58;87m▀[48;2;124;119;149m[38;2;125;121;153m▀[0m[38;2;125;122;151m▄[38;2;77;74;98m▄[38;2;120;116;146m▄[38;2;126;122;158m▄[38;2;123;119;151m▄[0m [38;2;70;65;62m▄[0m
                                                          [38;2;96;103;97m▀[38;2;239;219;194m▄[0m [48;2;121;110;96m[38;2;243;225;196m▀[48;2;72;54;36m[38;2;184;147;100m▀[48;2;81;62;37m[38;2;77;58;36m▀[48;2;96;75;49m[38;2;149;120;83m▀[48;2;138;106;75m[38;2;127;95;57m▀[48;2;246;225;197m[38;2;250;228;196m▀[48;2;150;132;114m[38;2;124;107;87m▀[48;2;146;130;112m[38;2;247;228;198m▀[48;2;112;102;86m[38;2;229;211;183m▀[48;2;38;36;31m[38;2;61;58;45m▀[48;2;116;93;63m[38;2;192;150;101m▀[48;2;191;150;101m[38;2;193;150;103m▀[48;2;193;149;102m[38;2;100;75;36m▀[48;2;191;149;101m[38;2;191;149;101m▀[48;2;193;149;102m[38;2;192;150;102m▀[48;2;192;148;101m[38;2;170;139;95m▀[48;2;192;150;102m[38;2;31;43;33m▀[0m[38;2;188;150;104m▄[0m    [38;2;126;119;146m▀[38;2;125;120;152m▀[38;2;126;123;152m▀[38;2;116;113;140m▀[48;2;82;80;94m[38;2;122;119;149m▀[0m[38;2;113;107;135m▀[38;2;122;117;150m▀[0m
                                                           [48;2;165;144;128m[38;2;242;222;199m▀[0m  [48;2;214;194;169m[38;2;37;38;35m▀[48;2;126;103;65m[38;2;106;87;56m▀[48;2;38;29;21m[38;2;73;61;41m▀[48;2;143;120;86m[38;2;163;145;126m▀[48;2;160;143;120m[38;2;249;228;195m▀[48;2;247;227;197m[38;2;248;227;196m▀[48;2;251;228;196m▀[48;2;49;44;29m[38;2;239;221;192m▀[48;2;58;53;45m[38;2;37;36;32m▀[48;2;191;149;101m[38;2;192;149;101m▀[38;2;192;149;100m▀[48;2;191;147;100m[38;2;190;148;99m▀[48;2;191;149;101m[38;2;190;149;101m▀[48;2;193;149;101m[38;2;190;148;100m▀[48;2;192;148;101m[38;2;191;149;100m▀[48;2;192;150;102m[38;2;191;149;101m▀[48;2;34;35;33m[38;2;191;150;101m▀[0m[38;2;250;228;198m▄[38;2;247;226;195m▄[38;2;246;227;195m▄[0m        [0m
                                                           [38;2;80;79;71m▀[38;2;237;218;195m▄[0m  [48;2;138;128;109m[38;2;38;30;25m▀[48;2;135;117;107m[38;2;30;27;24m▀[48;2;181;141;97m[38;2;162;131;92m▀[48;2;244;222;194m[38;2;250;227;196m▀[48;2;96;98;95m[38;2;98;98;93m▀[48;2;96;97;92m[38;2;49;47;41m▀[48;2;121;111;98m[38;2;193;177;154m▀[48;2;248;225;195m[38;2;143;131;118m▀[48;2;185;146;105m[38;2;190;149;100m▀[48;2;192;149;101m[38;2;190;148;100m▀[48;2;191;148;99m[38;2;190;147;98m▀[48;2;190;148;100m[38;2;191;147;100m▀[48;2;190;148;99m[38;2;192;148;101m▀[48;2;38;32;29m[38;2;188;147;99m▀[48;2;248;227;197m[38;2;37;37;33m▀[48;2;251;229;197m[38;2;248;229;197m▀[48;2;123;99;64m[38;2;246;226;193m▀[48;2;187;145;99m[38;2;109;85;53m▀[48;2;190;149;99m[38;2;185;145;98m▀[48;2;190;147;100m[38;2;107;79;52m▀[48;2;192;149;101m[38;2;192;150;104m▀[48;2;189;148;100m[38;2;192;146;99m▀[48;2;189;146;100m[38;2;191;148;98m▀[48;2;191;148;99m[38;2;171;142;103m▀[0m[38;2;193;149;103m▄[38;2;190;146;99m▄[38;2;191;147;98m▄[0m
                                                            [48;2;165;148;127m[38;2;242;220;199m▀[0m   [48;2;249;226;197m[38;2;197;183;159m▀[48;2;70;60;34m[38;2;34;33;24m▀[48;2;222;202;179m[38;2;158;139;115m▀[48;2;99;90;78m[38;2;81;80;75m▀[48;2;97;96;92m[38;2;98;97;92m▀[48;2;125;136;164m[38;2;105;117;146m▀[48;2;249;227;194m[38;2;248;225;194m▀[48;2;155;141;121m[38;2;30;28;22m▀[48;2;185;146;101m[38;2;190;148;100m▀[48;2;157;125;93m[38;2;192;150;100m▀[48;2;44;39;28m[38;2;190;147;102m▀[48;2;250;227;195m[38;2;38;34;30m▀[48;2;249;225;195m[38;2;252;229;197m▀[48;2;105;94;84m[38;2;252;229;198m▀[48;2;132;122;108m[38;2;124;95;57m▀[48;2;120;107;92m[38;2;191;148;100m▀[48;2;97;85;65m[38;2;188;148;96m▀[48;2;63;53;40m[38;2;189;149;100m▀[48;2;58;49;37m[38;2;191;147;98m▀[48;2;60;52;40m[38;2;188;147;99m▀[48;2;63;54;42m[38;2;189;147;97m▀[48;2;58;49;37m[38;2;189;147;99m▀[48;2;41;41;32m[38;2;188;146;98m▀[48;2;34;30;24m[38;2;190;147;99m▀[48;2;40;34;28m[38;2;190;147;100m▀[48;2;35;30;21m[38;2;189;147;99m▀[0m
                                                            [38;2;88;85;73m▀[38;2;219;204;182m▄[0m  [38;2;138;141;126m▀[48;2;30;29;26m[38;2;37;42;50m▀[48;2;48;47;42m[38;2;44;44;33m▀[48;2;52;48;45m[38;2;31;27;24m▀[48;2;32;29;24m[38;2;87;85;81m▀[48;2;77;82;91m[38;2;41;39;34m▀[48;2;46;46;46m[38;2;205;196;182m▀[48;2;240;220;193m[38;2;249;228;196m▀[48;2;248;227;196m[38;2;52;46;33m▀[48;2;248;228;193m[38;2;248;226;195m▀[48;2;70;57;38m[38;2;248;228;193m▀[48;2;92;73;49m[38;2;238;219;193m▀[48;2;95;78;58m[38;2;134;117;99m▀[48;2;194;172;148m[38;2;112;97;80m▀[48;2;195;173;150m[38;2;161;141;119m▀[38;2;191;170;145m▀[48;2;75;57;37m[38;2;198;179;152m▀[48;2;94;74;49m[38;2;215;197;169m▀[48;2;92;72;47m[38;2;232;212;186m▀[48;2;94;74;49m[38;2;241;222;192m▀[48;2;92;72;47m[38;2;245;224;196m▀[48;2;93;73;48m[38;2;245;225;197m▀[48;2;93;72;48m[38;2;243;222;194m▀[48;2;92;72;48m[38;2;238;219;190m▀[48;2;94;74;49m[38;2;203;186;161m▀[48;2;92;72;47m[38;2;163;150;125m▀[0m
                                                             [48;2;172;152;135m[38;2;240;221;197m▀[0m  [38;2;87;82;69m▄[48;2;66;76;89m[38;2;125;132;163m▀[48;2;95;94;90m[38;2;98;97;93m▀[48;2;97;96;91m[38;2;97;96;93m▀[48;2;98;94;91m[38;2;62;61;57m▀[48;2;59;60;69m[38;2;48;45;36m▀[48;2;35;35;34m[38;2;38;39;39m▀[48;2;40;35;28m[38;2;251;234;206m▀[48;2;251;231;208m[38;2;186;170;147m▀[48;2;184;164;151m[38;2;194;171;152m▀[48;2;93;73;49m[38;2;88;73;50m▀[48;2;90;70;45m[38;2;94;74;49m▀[48;2;90;72;47m[38;2;87;71;47m▀[48;2;249;230;205m[38;2;198;173;151m▀[48;2;250;233;205m[38;2;139;118;101m▀[48;2;254;235;204m[38;2;194;174;150m▀[48;2;252;232;204m[38;2;194;172;149m▀[48;2;92;71;46m[38;2;52;36;21m▀[48;2;92;73;48m[38;2;92;72;48m▀[48;2;93;74;48m[38;2;91;70;46m▀[48;2;66;50;36m[38;2;94;74;49m▀[48;2;48;39;27m[38;2;92;72;47m▀[48;2;92;72;48m[38;2;91;71;46m▀[48;2;92;71;47m[38;2;92;72;47m▀[48;2;91;71;47m▀[48;2;94;74;49m[38;2;95;75;50m▀[0m
                                                             [38;2;102;97;79m▀[38;2;201;187;167m▄[0m [48;2;85;93;114m[38;2;101;79;54m▀[48;2;202;156;96m[38;2;120;131;158m▀[48;2;114;90;50m[38;2;95;94;90m▀[48;2;201;155;98m[38;2;96;95;91m▀[48;2;68;56;28m[38;2;98;94;91m▀[48;2;70;69;61m[38;2;57;59;59m▀[48;2;133;146;183m[38;2;131;145;178m▀[48;2;126;117;101m[38;2;248;229;202m▀[48;2;252;233;203m[38;2;97;84;77m▀[48;2;163;144;119m[38;2;20;17;14m▀[48;2;135;116;98m[38;2;91;71;46m▀[48;2;89;70;45m[38;2;92;72;47m▀[48;2;93;73;48m[38;2;91;74;48m▀[48;2;175;156;134m[38;2;244;225;201m▀[48;2;252;232;205m[38;2;194;172;151m▀[48;2;252;232;207m[38;2;254;234;207m▀[48;2;254;233;204m[38;2;251;232;202m▀[48;2;250;230;204m[38;2;80;63;47m▀[48;2;94;72;48m[38;2;93;73;48m▀[48;2;91;71;46m[38;2;92;72;47m▀[48;2;92;72;47m[38;2;93;73;48m▀[48;2;91;71;46m[38;2;95;73;49m▀[48;2;93;73;48m[38;2;90;70;45m▀[38;2;91;71;46m▀[48;2;92;72;47m[38;2;91;71;44m▀[48;2;93;73;48m[38;2;71;56;38m▀[0m
                                                              [48;2;205;186;165m[38;2;240;221;196m▀[0m [48;2;245;219;189m[38;2;82;82;89m▀[48;2;122;138;177m[38;2;102;115;131m▀[48;2;98;94;91m[38;2;91;90;93m▀[48;2;93;92;88m[38;2;96;76;46m▀[48;2;96;93;90m[38;2;182;146;91m▀[48;2;95;94;91m[38;2;134;104;66m▀[48;2;131;144;176m[38;2;101;108;131m▀[48;2;43;40;35m[38;2;44;40;32m▀[48;2;254;233;204m[38;2;252;233;201m▀[48;2;253;232;203m[38;2;251;233;205m▀[38;2;186;167;144m▀[48;2;248;229;200m[38;2;193;171;149m▀[48;2;133;119;100m[38;2;91;72;48m▀[48;2;94;74;50m[38;2;84;66;45m▀[48;2;253;234;204m[38;2;252;232;203m▀[48;2;252;233;203m[38;2;252;233;203m▀[48;2;253;234;204m[38;2;211;192;167m▀[48;2;237;219;195m[38;2;252;233;202m▀[48;2;79;62;44m[38;2;89;71;46m▀[48;2;91;71;46m[38;2;95;74;48m▀[48;2;94;74;49m[38;2;75;59;39m▀[48;2;89;69;44m[38;2;42;30;19m▀[48;2;91;71;46m[38;2;87;70;48m▀[48;2;94;74;49m[38;2;93;74;48m▀[48;2;94;73;46m[38;2;91;71;46m▀[48;2;71;58;41m[38;2;89;70;46m▀[0m
                                                              [48;2;42;42;20m[38;2;140;126;111m▀[48;2;37;35;23m[38;2;152;139;122m▀[48;2;247;227;195m[38;2;249;226;194m▀[48;2;250;228;195m[38;2;149;116;77m▀[48;2;37;44;48m[38;2;130;105;58m▀[48;2;63;53;34m[38;2;208;162;97m▀[48;2;174;136;88m[38;2;201;155;88m▀[48;2;98;81;50m[38;2;152;118;70m▀[48;2;68;70;75m[38;2;190;146;82m▀[48;2;118;127;153m[38;2;158;124;76m▀[48;2;110;100;86m[38;2;252;231;201m▀[48;2;252;233;203m[38;2;252;232;205m▀[48;2;252;232;203m[38;2;253;232;203m▀[48;2;252;233;203m[38;2;252;233;203m▀[48;2;251;232;202m[38;2;227;206;182m▀[48;2;220;200;173m[38;2;193;171;149m▀[48;2;242;224;199m[38;2;253;234;204m▀[48;2;252;233;202m▀[48;2;252;233;203m[38;2;252;233;203m▀[48;2;253;233;202m[38;2;252;235;209m▀[48;2;252;233;204m[38;2;191;175;152m▀[48;2;92;73;48m[38;2;91;71;46m▀[38;2;90;70;45m▀[48;2;89;69;44m▀[48;2;91;71;46m[38;2;91;71;46m▀[48;2;89;69;43m[38;2;92;72;47m▀[48;2;91;71;46m[38;2;93;73;48m▀[48;2;93;73;48m▀[0m
                                                               [48;2;85;70;45m[38;2;119;99;66m▀[48;2;168;134;93m[38;2;36;37;35m▀[48;2;156;144;125m[38;2;250;227;196m▀[48;2;250;227;196m[38;2;253;230;196m▀[48;2;249;227;195m[38;2;59;57;49m▀[48;2;94;95;90m[38;2;53;52;49m▀[48;2;96;95;91m[38;2;86;85;81m▀[48;2;94;93;90m[38;2;97;96;91m▀[48;2;126;137;169m[38;2;130;144;176m▀[48;2;44;49;57m[38;2;42;43;37m▀[48;2;253;232;203m[38;2;253;232;201m▀[48;2;252;233;203m[38;2;254;233;204m▀[38;2;253;233;205m▀[38;2;251;231;204m▀[38;2;252;233;203m▀[48;2;122;109;91m[38;2;168;152;127m▀[48;2;48;45;38m[38;2;251;232;201m▀[48;2;48;45;40m[38;2;250;233;203m▀[38;2;179;167;148m▀[38;2;44;41;35m▀[48;2;29;26;21m[38;2;26;23;20m▀[48;2;23;18;14m[38;2;53;40;25m▀[48;2;92;72;47m[38;2;91;71;46m▀[48;2;93;73;48m[38;2;93;73;48m▀[48;2;89;69;44m▀[48;2;92;72;47m[38;2;91;71;46m▀[48;2;91;71;46m[38;2;91;69;45m▀[0m
                                                               [48;2;190;146;96m[38;2;187;143;96m▀[48;2;108;82;48m[38;2;189;145;102m▀[48;2;165;134;93m[38;2;44;34;24m▀[48;2;30;20;16m[38;2;250;226;198m▀[48;2;248;224;196m[38;2;249;226;194m▀[48;2;250;227;195m[38;2;247;226;191m▀[48;2;249;228;193m[38;2;94;93;89m▀[48;2;95;93;91m[38;2;95;94;89m▀[48;2;24;23;19m[38;2;69;68;65m▀[48;2;132;143;173m[38;2;130;142;175m▀[48;2;35;35;30m[38;2;223;205;181m▀[48;2;252;233;203m[38;2;250;231;201m▀[48;2;252;232;204m[38;2;252;233;203m▀[48;2;252;233;203m[38;2;253;234;204m▀[38;2;253;234;202m▀[48;2;222;205;187m[38;2;72;65;58m▀[48;2;48;45;40m[38;2;48;47;42m▀[48;2;50;47;40m[38;2;51;48;43m▀[48;2;51;48;43m[38;2;49;46;41m▀[48;2;47;44;39m[38;2;48;45;40m▀[48;2;49;46;41m▀[48;2;36;33;28m[38;2;24;21;14m▀[48;2;52;46;38m[38;2;90;72;49m▀[48;2;91;72;48m[38;2;93;73;48m▀[48;2;90;70;45m[38;2;92;72;48m▀[48;2;94;74;49m[38;2;93;73;48m▀[48;2;93;73;48m▀[0m
                                                                [48;2;187;144;95m[38;2;188;146;98m▀[48;2;187;144;97m[38;2;189;145;98m▀[48;2;189;145;96m[38;2;188;146;98m▀[48;2;189;145;97m[38;2;32;29;21m▀[48;2;32;32;25m[38;2;252;227;197m▀[48;2;251;228;195m[38;2;250;227;195m▀[48;2;250;227;195m[38;2;246;226;191m▀[48;2;249;227;196m[38;2;21;20;15m▀[48;2;60;56;48m[38;2;98;108;128m▀[48;2;130;142;174m[38;2;132;140;170m▀[48;2;51;41;32m[38;2;252;233;202m▀[48;2;253;233;204m[38;2;251;232;202m▀[48;2;252;233;204m[38;2;252;233;203m▀[48;2;251;231;204m▀[48;2;219;205;183m[38;2;198;177;156m▀[48;2;169;142;117m[38;2;49;46;41m▀[48;2;251;207;169m[38;2;45;46;41m▀[48;2;253;208;169m[38;2;35;25;19m▀[48;2;203;160;132m[38;2;51;42;31m▀[48;2;47;44;39m[38;2;49;46;41m▀[48;2;49;46;41m[38;2;50;47;42m▀[48;2;47;44;41m[38;2;55;46;41m▀[48;2;91;71;47m[38;2;92;72;47m▀[48;2;92;72;47m[38;2;93;73;48m▀[48;2;94;74;49m[38;2;90;70;46m▀[48;2;89;69;45m[38;2;94;72;48m▀[0m
                                                                [48;2;185;143;95m[38;2;187;146;96m▀[48;2;187;143;94m[38;2;187;147;98m▀[48;2;169;132;95m[38;2;187;145;97m▀[48;2;189;145;96m[38;2;180;144;103m▀[48;2;188;144;95m[38;2;188;145;96m▀[48;2;188;146;98m[38;2;38;31;19m▀[48;2;40;26;13m[38;2;249;226;194m▀[48;2;250;227;193m▀[48;2;250;227;195m[38;2;249;227;195m▀[48;2;249;226;194m[38;2;124;117;114m▀[48;2;149;140;129m[38;2;125;135;164m▀[48;2;42;39;34m[38;2;129;113;98m▀[48;2;39;35;26m[38;2;253;234;204m▀[48;2;48;45;40m[38;2;95;85;78m▀[48;2;47;44;39m[38;2;48;45;40m▀[48;2;217;182;150m[38;2;252;208;169m▀[48;2;251;206;167m▀[48;2;208;172;142m[38;2;253;209;170m▀[48;2;59;50;38m[38;2;252;206;170m▀[48;2;49;47;42m[38;2;62;57;46m▀[48;2;42;41;37m[38;2;47;42;36m▀[48;2;91;71;46m[38;2;92;72;47m▀[48;2;90;70;45m[38;2;92;72;48m▀[48;2;91;71;46m[38;2;90;70;45m▀[48;2;90;70;45m[38;2;94;74;49m▀[48;2;89;69;44m[38;2;93;73;49m▀[0m
                                                                [48;2;189;147;99m[38;2;154;121;82m▀[48;2;188;146;98m[38;2;186;145;99m▀[48;2;188;144;97m[38;2;186;142;94m▀[48;2;181;143;99m[38;2;188;144;95m▀[48;2;188;145;95m[38;2;190;147;100m▀[48;2;188;144;97m[38;2;187;144;97m▀[48;2;188;145;95m[38;2;190;148;99m▀[48;2;190;146;99m[38;2;50;39;20m▀[48;2;84;66;47m[38;2;243;223;194m▀[48;2;240;219;192m[38;2;248;227;194m▀[48;2;249;226;192m[38;2;249;226;194m▀[48;2;250;227;196m[38;2;196;186;167m▀[48;2;189;173;152m[38;2;46;43;38m▀[48;2;50;47;40m[38;2;49;46;40m▀[48;2;49;44;38m[38;2;48;45;40m▀[48;2;47;44;37m[38;2;47;43;37m▀[48;2;92;72;48m[38;2;46;39;30m▀[48;2;93;72;46m[38;2;44;43;38m▀[48;2;94;72;48m[38;2;46;45;39m▀[48;2;91;72;48m[38;2;91;72;46m▀[48;2;90;70;45m[38;2;90;73;48m▀[38;2;92;72;47m▀[48;2;92;72;47m[38;2;87;67;42m▀[38;2;88;68;43m▀[48;2;86;69;45m[38;2;91;71;46m▀[0m[38;2;90;70;46m▀[0m
                                                                [48;2;188;147;99m[38;2;192;147;98m▀[48;2;188;144;97m[38;2;190;146;99m▀[48;2;189;146;100m[38;2;187;144;95m▀[48;2;176;140;93m[38;2;188;147;97m▀[48;2;185;144;94m[38;2;188;148;97m▀[48;2;188;144;97m[38;2;135;103;66m▀[48;2;189;145;98m[38;2;188;144;97m▀[48;2;186;144;95m▀[48;2;188;146;98m[38;2;190;144;98m▀[48;2;187;146;95m[38;2;61;47;24m▀[48;2;32;25;12m[38;2;245;224;194m▀[48;2;248;226;193m[38;2;249;226;192m▀[48;2;248;226;192m[38;2;250;227;193m▀[48;2;248;226;194m[38;2;77;71;57m▀[48;2;26;24;17m[38;2;21;22;16m▀[48;2;31;25;14m[38;2;50;46;39m▀[48;2;90;70;46m[38;2;91;71;44m▀[48;2;93;73;48m[38;2;90;70;45m▀[48;2;91;71;46m[38;2;91;71;46m▀[38;2;90;70;45m▀[48;2;85;66;43m▀[0m[38;2;89;69;44m▀[38;2;81;63;46m▀[0m   [0m
                                                                [48;2;172;133;93m[38;2;186;143;93m▀[48;2;187;145;97m[38;2;153;127;88m▀[48;2;189;147;99m[38;2;187;145;97m▀[48;2;186;143;96m[38;2;186;143;95m▀[48;2;188;146;96m[38;2;190;146;99m▀[48;2;188;144;95m▀[48;2;188;144;97m[38;2;187;145;97m▀[48;2;188;146;98m[38;2;187;145;96m▀[48;2;189;145;98m[38;2;189;145;98m▀[38;2;188;146;96m▀[38;2;188;144;95m▀[48;2;185;142;98m[38;2;31;30;28m▀[48;2;88;70;46m[38;2;249;226;198m▀[48;2;90;70;46m[38;2;83;69;44m▀[48;2;89;69;45m[38;2;91;71;47m▀[48;2;90;70;45m[38;2;90;70;45m▀[48;2;91;71;47m[38;2;92;72;48m▀[48;2;90;72;47m[38;2;91;71;46m▀[0m[38;2;91;71;47m▀[0m       [0m
                                                                [48;2;57;41;18m[38;2;126;95;58m▀[48;2;186;146;97m[38;2;187;145;97m▀[48;2;188;144;97m[38;2;187;145;96m▀[48;2;186;144;95m[38;2;188;144;97m▀[48;2;188;144;95m▀[48;2;189;145;98m▀[48;2;185;142;93m[38;2;189;145;98m▀[48;2;188;144;97m[38;2;188;144;94m▀[48;2;190;146;99m[38;2;187;143;96m▀[48;2;189;148;96m[38;2;188;144;96m▀[48;2;201;146;116m[38;2;183;144;96m▀[48;2;202;146;116m[38;2;203;149;117m▀[48;2;91;71;47m[38;2;90;70;45m▀[48;2;92;72;47m[38;2;88;68;43m▀[38;2;92;72;47m▀[48;2;90;72;49m[38;2;88;68;44m▀[0m[38;2;89;69;45m▀[0m         [0m
                                                                 [48;2;187;143;96m[38;2;190;146;99m▀[38;2;189;145;98m▀[48;2;188;144;96m[38;2;186;143;95m▀[38;2;189;145;98m▀[48;2;188;144;97m▀[48;2;188;144;98m[38;2;188;144;97m▀[48;2;189;145;96m[38;2;189;145;98m▀[48;2;178;136;109m[38;2;188;144;95m▀[48;2;201;146;116m[38;2;203;148;118m▀[48;2;202;147;117m[38;2;201;146;115m▀[48;2;202;148;115m[38;2;207;148;117m▀[48;2;91;71;46m[38;2;93;73;49m▀[48;2;84;65;42m[38;2;90;70;46m▀[0m[38;2;90;74;47m▀[0m           [0m
                                                                 [48;2;186;146;97m[38;2;188;144;97m▀[48;2;187;143;96m[38;2;189;147;97m▀[38;2;187;145;97m▀[48;2;190;146;99m[38;2;189;145;98m▀[48;2;187;143;96m[38;2;188;144;97m▀[48;2;170;137;94m[38;2;188;144;98m▀[48;2;92;73;48m[38;2;61;47;26m▀[48;2;200;144;113m[38;2;202;147;117m▀[48;2;202;143;115m[38;2;203;148;118m▀[48;2;201;145;116m[38;2;202;147;117m▀[48;2;201;146;116m[38;2;202;147;115m▀[0m[38;2;58;46;31m▀[0m             [0m
                                                                 [48;2;108;93;67m[38;2;126;102;68m▀[48;2;188;144;97m[38;2;190;146;97m▀[48;2;187;144;98m[38;2;188;144;98m▀[48;2;188;145;95m[38;2;189;145;98m▀[48;2;65;46;30m[38;2;190;147;101m▀[48;2;92;72;47m[38;2;92;74;50m▀[48;2;74;60;40m[38;2;92;72;47m▀[0m[38;2;121;93;66m▀[48;2;252;208;168m[38;2;250;207;165m▀[48;2;239;200;166m[38;2;251;207;170m▀[48;2;251;208;166m[38;2;254;204;168m▀[0m[38;2;214;179;145m▄[0m             [0m
                                                                  [48;2;158;130;110m[38;2;188;144;95m▀[48;2;251;208;167m[38;2;155;128;84m▀[48;2;251;208;166m[38;2;251;207;169m▀[0m[38;2;36;29;16m▀[0m   [48;2;251;208;168m[38;2;250;208;168m▀[48;2;235;200;168m[38;2;251;207;168m▀[48;2;49;46;36m[38;2;252;208;169m▀[48;2;19;21;16m[38;2;250;209;169m▀[0m[38;2;193;166;144m▄[0m            [0m
                                                                  [48;2;46;45;40m[38;2;251;208;166m▀[48;2;47;44;39m[38;2;251;208;168m▀[48;2;46;45;41m[38;2;252;208;168m▀[48;2;77;67;58m[38;2;253;210;173m▀[48;2;251;231;199m[38;2;175;161;144m▀[0m  [48;2;45;41;34m[38;2;37;27;15m▀[48;2;46;44;39m[38;2;48;45;40m▀[48;2;44;41;36m[38;2;51;48;43m▀[48;2;47;44;37m[38;2;48;45;40m▀[48;2;250;231;201m[38;2;116;104;91m▀[48;2;249;229;202m[38;2;225;208;185m▀[0m           [0m
                                                                 [38;2;135;119;101m▄[48;2;238;222;193m[38;2;239;220;201m▀[48;2;38;35;28m[38;2;44;43;38m▀[48;2;252;231;202m[38;2;37;33;27m▀[48;2;251;232;201m[38;2;252;233;202m▀[48;2;252;233;203m[38;2;254;233;204m▀[0m  [48;2;194;178;156m[38;2;193;169;147m▀[48;2;32;31;26m[38;2;46;45;40m▀[48;2;49;46;40m[38;2;49;46;41m▀[48;2;34;32;26m▀[48;2;254;233;202m[38;2;251;232;202m▀[48;2;110;101;92m[38;2;215;198;172m▀[0m           [0m
                                                                 [48;2;239;220;199m[38;2;166;150;132m▀[48;2;61;46;27m[38;2;244;226;198m▀[48;2;248;226;202m[38;2;125;116;99m▀[48;2;251;232;200m[38;2;252;233;202m▀[38;2;251;232;200m▀[38;2;252;233;203m▀[0m  [48;2;253;231;208m[38;2;253;232;201m▀[48;2;177;155;137m[38;2;203;189;168m▀[48;2;251;232;200m[38;2;50;47;40m▀[48;2;136;120;102m[38;2;96;90;80m▀[48;2;251;232;200m[38;2;252;233;201m▀[48;2;182;165;139m[38;2;89;79;67m▀[0m           [0m
                                                                  [48;2;86;69;49m[38;2;52;38;20m▀[48;2;251;232;203m[38;2;251;232;203m▀[48;2;252;231;201m[38;2;252;232;205m▀[48;2;251;232;200m[38;2;251;232;200m▀▀[0m   [48;2;251;232;200m[38;2;251;232;200m▀[48;2;94;84;69m[38;2;106;93;77m▀[48;2;251;232;200m[38;2;251;232;200m▀[48;2;250;224;191m[38;2;251;225;195m▀[0m            [0m
                                                                  [48;2;220;204;180m[38;2;184;166;145m▀[48;2;251;232;202m[38;2;251;232;206m▀[48;2;252;233;202m[38;2;252;232;201m▀[48;2;254;233;202m[38;2;253;233;204m▀[48;2;249;229;200m[38;2;251;232;200m▀[0m   [48;2;251;232;200m[38;2;251;232;200m▀[48;2;160;143;120m[38;2;147;129;107m▀[48;2;251;232;200m[38;2;251;232;200m▀[48;2;248;227;194m[38;2;247;226;193m▀[0m            [0m
                                                                 [48;2;252;232;205m[38;2;201;182;171m▀[48;2;251;232;202m[38;2;250;231;202m▀[38;2;252;233;201m▀[48;2;252;232;204m[38;2;252;232;202m▀[48;2;61;55;45m[38;2;252;233;203m▀[48;2;37;38;35m[38;2;253;233;202m▀[0m   [48;2;251;232;200m[38;2;251;232;200m▀[48;2;153;135;118m[38;2;89;79;62m▀[48;2;251;232;200m[38;2;251;232;200m▀[48;2;249;227;189m[38;2;248;227;191m▀[0m            [0m
                                                                [48;2;176;138;102m[38;2;192;174;154m▀[48;2;178;137;98m[38;2;252;233;203m▀[48;2;228;209;186m[38;2;252;233;201m▀[48;2;27;27;20m[38;2;252;233;203m▀[0m[38;2;39;34;27m▀[38;2;33;30;25m▀[0m    [48;2;251;232;200m[38;2;227;205;179m▀[48;2;227;210;185m[38;2;151;130;107m▀[38;2;251;232;200m▀[48;2;253;232;201m[38;2;197;180;159m▀[0m            [0m
                                                                         [38;2;65;57;46m▄[48;2;250;231;204m[38;2;252;233;203m▀[48;2;249;232;205m[38;2;239;219;192m▀[48;2;246;226;202m[38;2;253;232;201m▀▀[0m            [0m
                                                                         [38;2;137;110;85m▀[48;2;56;47;41m[38;2;111;88;68m▀[48;2;148;136;125m[38;2;252;234;203m▀[48;2;31;33;26m[38;2;164;130;95m▀[48;2;31;30;25m[38;2;31;30;25m▀[0m            [0m
