                                                                                          [0m
                                                                                          [0m
                                                                                          [0m
                                                                                          [0m
                                                                                          [0m
                                                                                          [0m
                                                                                          [0m
                                                                [38;2;92;92;119m▄▀[38;2;143;138;169m▀[38;2;118;116;137m▄[0m                      [0m
                                                                [38;2;148;143;175m▄[38;2;147;140;174m▄[48;2;148;143;173m[38;2;92;92;119m▀[48;2;148;143;174m▀[48;2;148;141;172m[38;2;150;142;176m▀[48;2;148;143;173m[38;2;142;136;165m▀[0m[38;2;148;143;173m▄[38;2;147;143;171m▄[0m                  [0m
                                                              [48;2;220;196;216m[38;2;146;143;173m▀[48;2;147;139;172m[38;2;144;139;168m▀[48;2;143;141;172m[38;2;146;141;172m▀[48;2;145;140;170m[38;2;146;142;171m▀[48;2;199;183;210m[38;2;146;141;173m▀[48;2;146;140;170m[38;2;146;141;171m▀[48;2;146;141;171m[38;2;147;142;172m▀[48;2;146;139;170m[38;2;147;141;170m▀[48;2;152;146;175m[38;2;123;119;143m▀[48;2;149;142;171m[38;2;148;143;171m▀[48;2;199;184;211m[38;2;148;142;167m▀[0m[38;2;185;166;183m▄[0m                [0m
                                                             [48;2;128;123;153m[38;2;151;137;152m▀[48;2;133;129;157m[38;2;141;126;143m▀[48;2;144;139;167m[38;2;175;164;190m▀[48;2;144;139;169m[38;2;197;183;205m▀[48;2;144;140;167m[38;2;146;141;171m▀[48;2;140;135;165m[38;2;148;139;169m▀[48;2;84;81;100m[38;2;138;134;163m▀[48;2;43;45;48m[38;2;124;121;146m▀[48;2;80;78;95m[38;2;145;141;169m▀[48;2;95;89;115m[38;2;144;139;169m▀[48;2;145;140;170m[38;2;143;138;168m▀[48;2;143;138;169m[38;2;99;95;115m▀[48;2;143;139;169m[38;2;145;139;169m▀[0m                [0m
                                                             [38;2;83;86;124m▀[48;2;70;72;90m[38;2;83;83;104m▀[48;2;142;137;169m[38;2;142;138;166m▀[48;2;79;80;99m[38;2;139;135;170m▀[48;2;113;109;134m[38;2;135;133;163m▀[48;2;241;204;170m[38;2;69;66;86m▀[48;2;40;33;23m[38;2;64;57;58m▀[48;2;9;10;10m[38;2;218;180;155m▀[48;2;145;141;168m[38;2;97;93;117m▀[48;2;143;138;168m[38;2;134;130;158m▀[48;2;141;138;169m[38;2;142;136;166m▀[48;2;127;122;147m[38;2;143;139;168m▀[48;2;131;129;157m[38;2;52;52;68m▀[48;2;102;101;126m[38;2;139;133;164m▀[0m               [0m
                                                              [38;2;121;118;150m▀[48;2;140;133;165m[38;2;139;134;165m▀[48;2;128;129;181m[38;2;83;86;124m▀[48;2;250;221;191m[38;2;160;134;108m▀[48;2;251;212;174m[38;2;252;211;177m▀[48;2;128;129;181m[38;2;128;129;181m▀[48;2;250;221;191m[38;2;250;221;191m▀[48;2;81;73;97m[38;2;90;81;110m▀[48;2;139;132;163m[38;2;103;100;122m▀[48;2;139;136;166m[38;2;141;136;168m▀[48;2;121;93;75m[38;2;92;91;110m▀[48;2;83;66;68m[38;2;136;131;162m▀[48;2;68;67;89m[38;2;135;129;162m▀[48;2;35;37;36m[38;2;109;106;134m▀[0m              [0m
                                                                [48;2;220;186;156m[38;2;252;214;174m▀[48;2;250;210;173m[38;2;252;213;174m▀[38;2;251;212;173m▀[38;2;250;210;174m▀[48;2;183;162;136m[38;2;251;211;174m▀[48;2;247;226;195m[38;2;252;231;200m▀[48;2;43;33;21m[38;2;252;229;198m▀[48;2;55;45;35m[38;2;107;105;131m▀[48;2;51;48;69m[38;2;168;128;108m▀[48;2;138;133;165m[38;2;103;100;126m▀[48;2;127;123;149m[38;2;132;128;153m▀[48;2;131;130;158m[38;2;79;78;102m▀[0m[38;2;96;101;122m▄[0m             [0m
          [38;2;121;141;152m▄[38;2;109;136;155m▄[0m                                              [38;2;134;129;114m▄[38;2;190;151;103m▄[38;2;95;78;52m▄[38;2;192;150;99m▄[38;2;192;148;102m▄[38;2;190;149;105m▄[48;2;90;73;48m[38;2;70;56;39m▀[48;2;134;119;103m[38;2;97;77;51m▀[48;2;176;134;115m[38;2;206;152;121m▀[48;2;186;164;143m[38;2;250;210;173m▀[48;2;127;110;96m[38;2;198;176;153m▀[48;2;38;38;37m[38;2;213;197;169m▀[48;2;188;147;99m[38;2;194;152;104m▀[48;2;181;144;100m[38;2;193;149;104m▀[48;2;176;141;99m[38;2;36;34;41m▀[48;2;75;69;97m[38;2;79;71;100m▀[48;2;81;74;102m[38;2;136;131;163m▀[48;2;95;89;117m[38;2;78;77;95m▀[48;2;126;125;153m[38;2;36;41;17m▀[0m             [0m
       [38;2;142;163;158m▄[38;2;77;99;110m▄[48;2;53;80;95m[38;2;100;123;137m▀[48;2;57;83;98m[38;2;59;85;102m▀[48;2;78;104;119m[38;2;93;120;139m▀[48;2;57;83;99m[38;2;79;106;125m▀[48;2;53;81;98m[38;2;90;120;141m▀[48;2;89;120;141m[38;2;92;124;145m▀[0m[38;2;126;157;173m▄[0m                [38;2;240;222;198m▄[48;2;173;157;145m[38;2;54;57;39m▀[0m  [38;2;41;38;37m▄[38;2;34;35;22m▄[0m    [38;2;167;136;107m▄[38;2;252;212;173m▄[48;2;35;32;27m[38;2;51;48;41m▀[48;2;53;50;45m[38;2;54;49;43m▀[38;2;51;48;41m▀[48;2;52;49;42m[38;2;53;50;43m▀[48;2;234;215;190m[38;2;209;195;173m▀[48;2;251;234;204m[38;2;250;231;201m▀[48;2;253;235;208m[38;2;253;233;206m▀[48;2;252;232;205m[38;2;254;234;207m▀▀[48;2;250;234;204m▀[48;2;202;184;162m[38;2;254;235;209m▀[48;2;251;234;205m[38;2;253;233;210m▀[48;2;252;229;199m[38;2;201;182;160m▀[48;2;92;69;38m[38;2;189;148;99m▀[48;2;213;194;168m[38;2;250;231;199m▀[48;2;38;29;20m[38;2;189;143;98m▀[48;2;194;152;102m[38;2;103;83;44m▀[48;2;194;149;100m[38;2;166;133;92m▀[48;2;193;149;100m[38;2;192;150;100m▀[48;2;190;153;101m[38;2;189;149;96m▀[48;2;57;50;32m[38;2;70;53;27m▀[48;2;111;100;88m[38;2;82;66;42m▀[48;2;138;124;105m[38;2;207;190;171m▀[48;2;181;163;144m[38;2;151;134;118m▀[48;2;183;168;147m[38;2;250;234;208m▀[48;2;39;37;32m[38;2;245;225;198m▀[48;2;191;149;101m[38;2;78;70;47m▀[48;2;191;150;104m[38;2;190;148;98m▀[48;2;193;151;103m[38;2;192;151;103m▀[48;2;190;148;100m[38;2;191;149;101m▀[48;2;195;151;103m[38;2;117;114;149m▀[48;2;137;130;164m[38;2;41;38;48m▀[48;2;94;89;107m[38;2;57;60;67m▀[0m[38;2;162;145;125m▀[38;2;154;137;121m▀[38;2;154;138;126m▀[38;2;79;72;62m▀[38;2;73;66;54m▀[0m        [0m
      [48;2;152;170;181m[38;2;150;175;171m▀[48;2;102;125;143m[38;2;101;124;142m▀[48;2;61;87;102m[38;2;60;88;100m▀[48;2;95;122;143m[38;2;64;90;105m▀[48;2;80;106;123m[38;2;59;85;100m▀[48;2;58;81;97m[38;2;56;79;95m▀[48;2;56;82;97m[38;2;56;82;97m▀[48;2;60;87;103m[38;2;57;83;98m▀[48;2;67;94;111m[38;2;93;120;137m▀[48;2;138;156;168m[38;2;128;151;166m▀[0m    [38;2;244;223;196m▄[48;2;159;141;127m[38;2;239;222;193m▀[0m[38;2;147;140;130m▄[38;2;109;128;139m▄[38;2;105;143;165m▄[0m [48;2;106;148;177m[38;2;102;151;174m▀[0m [38;2;106;149;181m▄[38;2;105;146;173m▄[38;2;99;119;129m▄[48;2;136;129;111m[38;2;47;46;26m▀[48;2;242;224;196m[38;2;241;224;196m▀[48;2;157;138;124m[38;2;159;140;125m▀[48;2;112;106;93m[38;2;58;58;44m▀[48;2;160;150;138m[38;2;43;39;29m▀[48;2;78;71;59m[38;2;28;36;35m▀[48;2;30;25;19m[38;2;44;41;34m▀[48;2;19;19;12m[38;2;105;98;88m▀[48;2;19;18;15m[38;2;143;133;121m▀[48;2;15;11;8m[38;2;24;23;19m▀[48;2;214;195;171m[38;2;250;210;172m▀[48;2;253;211;173m[38;2;252;210;170m▀[38;2;253;211;173m▀[48;2;254;209;173m[38;2;252;210;170m▀[48;2;53;48;44m[38;2;51;48;43m▀[48;2;51;48;41m[38;2;53;50;45m▀[48;2;50;47;42m[38;2;50;47;42m▀[48;2;44;43;38m[38;2;46;38;28m▀[48;2;253;234;204m[38;2;253;234;204m▀[38;2;253;233;206m▀[48;2;253;233;206m▀[38;2;251;233;205m▀[38;2;251;234;207m▀[48;2;252;234;204m[38;2;252;232;205m▀[48;2;253;233;204m[38;2;251;234;203m▀[48;2;194;172;155m[38;2;171;152;133m▀[48;2;88;82;69m[38;2;76;57;40m▀[48;2;192;150;100m[38;2;188;149;103m▀[48;2;248;229;197m[38;2;247;227;200m▀[48;2;48;41;28m[38;2;190;149;101m▀[48;2;191;151;102m[38;2;184;149;106m▀[48;2;150;113;68m[38;2;97;77;46m▀[48;2;178;143;102m[38;2;195;151;102m▀[48;2;94;88;74m[38;2;35;30;27m▀[48;2;247;226;195m[38;2;248;227;199m▀[48;2;249;228;197m[38;2;232;214;186m▀[48;2;246;225;192m[38;2;166;150;130m▀[48;2;167;154;137m[38;2;107;101;83m▀[48;2;183;142;108m[38;2;55;44;30m▀[48;2;121;92;60m[38;2;192;150;102m▀[48;2;125;96;55m[38;2;194;150;103m▀[48;2;194;152;104m[38;2;118;91;51m▀[48;2;189;149;100m[38;2;193;149;100m▀[48;2;111;85;53m[38;2;192;148;101m▀[48;2;163;127;84m[38;2;62;58;84m▀[48;2;116;111;141m[38;2;81;77;104m▀[0m[38;2;113;110;135m▄[0m            [0m
     [38;2;234;243;238m▄[48;2;125;144;158m[38;2;113;135;152m▀[48;2;104;123;138m[38;2;105;128;142m▀[48;2;107;130;145m[38;2;98;124;141m▀[48;2;102;128;143m[38;2;91;117;135m▀[48;2;78;104;121m[38;2;89;115;132m▀[48;2;58;84;99m[38;2;62;87;102m▀[48;2;61;88;105m[38;2;64;88;104m▀[48;2;96;123;141m[38;2;77;103;120m▀[48;2;109;136;153m[38;2;88;115;131m▀[48;2;103;130;147m[38;2;123;150;164m▀[0m  [38;2;239;217;186m▄[38;2;195;186;167m▄[48;2;109;102;95m[38;2;159;139;126m▀[48;2;156;140;125m[38;2;156;137;124m▀[48;2;97;99;94m[38;2;74;63;53m▀[48;2;101;121;131m[38;2;105;121;130m▀[48;2;108;140;159m[38;2;117;137;177m▀[48;2;107;144;169m[38;2;107;145;172m▀[48;2;107;146;174m[38;2;117;137;177m▀[48;2;107;148;177m▀[48;2;106;148;177m[38;2;107;148;179m▀[0m[38;2;117;137;177m▀[0m [38;2;78;68;57m▀[48;2;224;206;183m[38;2;241;223;198m▀[48;2;159;137;124m[38;2;158;141;127m▀[0m[38;2;54;54;48m▀[38;2;18;18;15m▀[38;2;91;86;81m▀[38;2;65;61;56m▀[38;2;16;13;13m▀[0m   [38;2;246;206;170m▀[38;2;253;211;173m▀[38;2;253;207;171m▀[48;2;39;39;33m[38;2;51;52;47m▀[48;2;48;46;41m[38;2;50;47;40m▀[48;2;52;50;45m[38;2;29;26;21m▀[48;2;47;46;40m[38;2;27;26;21m▀[0m[38;2;248;231;201m▀[38;2;254;234;204m▀[38;2;211;193;171m▀[0m  [48;2;95;72;47m[38;2;66;62;46m▀[48;2;95;75;50m[38;2;97;77;52m▀[48;2;73;57;37m[38;2;88;71;49m▀[48;2;75;61;40m[38;2;253;230;199m▀[48;2;42;37;31m[38;2;141;117;84m▀[48;2;175;138;94m[38;2;150;127;97m▀[48;2;248;228;196m[38;2;193;178;158m▀[48;2;64;51;27m[38;2;189;149;100m▀[48;2;191;149;101m[38;2;191;148;98m▀[48;2;132;99;56m[38;2;196;148;101m▀[48;2;60;52;42m[38;2;245;225;199m▀[48;2;251;227;197m[38;2;198;175;152m▀[48;2;233;215;184m[38;2;91;82;65m▀[48;2;117;104;86m[38;2;156;140;124m▀[48;2;67;62;48m[38;2;130;118;102m▀[48;2;190;148;101m[38;2;190;148;96m▀[48;2;191;149;101m[38;2;189;147;99m▀[48;2;189;146;98m[38;2;192;150;102m▀[48;2;192;148;101m[38;2;191;147;98m▀[48;2;189;148;100m[38;2;191;147;102m▀[48;2;191;148;100m[38;2;92;71;44m▀[48;2;190;148;102m[38;2;191;149;98m▀[48;2;191;147;101m[38;2;172;137;94m▀[48;2;129;125;155m[38;2;130;127;158m▀[48;2;129;125;153m[38;2;132;128;162m▀[0m           [0m
     [38;2;237;240;237m▀[48;2;221;233;231m[38;2;141;157;170m▀[48;2;146;160;171m[38;2;134;148;161m▀[48;2;130;149;160m[38;2;117;136;151m▀[48;2;120;139;154m[38;2;107;129;145m▀[48;2;103;125;139m[38;2;69;95;110m▀[48;2;113;135;149m[38;2;105;128;144m▀[48;2;109;130;147m[38;2;102;128;143m▀[48;2;105;127;143m[38;2;110;133;151m▀[48;2;114;136;150m[38;2;129;151;165m▀[48;2;114;137;151m[38;2;114;137;153m▀[0m  [38;2;153;138;122m▀[48;2;153;136;119m[38;2;242;221;197m▀[48;2;240;223;197m[38;2;242;225;199m▀[48;2;242;225;198m[38;2;12;13;15m▀[0m[38;2;136;137;126m▄[38;2;116;139;144m▀[0m [38;2;110;148;166m▀[48;2;116;157;171m[38;2;106;152;174m▀[0m[38;2;103;153;176m▀[0m   [48;2;240;221;194m[38;2;120;125;121m▀[48;2;156;137;119m[38;2;15;8;4m▀[48;2;157;139;125m[38;2;18;20;15m▀[0m            [38;2;53;50;45m▀[38;2;29;32;22m▀[0m      [48;2;93;73;48m[38;2;94;74;49m▀[48;2;92;72;47m[38;2;93;73;48m▀[48;2;57;42;25m[38;2;63;48;34m▀[48;2;95;75;48m[38;2;93;73;48m▀[48;2;74;57;40m[38;2;248;225;193m▀[48;2;124;109;87m[38;2;31;21;12m▀[48;2;66;57;36m[38;2;89;73;49m▀[48;2;248;228;199m[38;2;45;37;30m▀[48;2;192;150;99m[38;2;192;150;100m▀[48;2;34;34;28m[38;2;162;130;93m▀[48;2;249;227;194m[38;2;199;183;159m▀[48;2;50;49;45m[38;2;249;227;192m▀[48;2;45;44;39m[38;2;250;227;196m▀[48;2;232;215;189m[38;2;32;28;23m▀[48;2;37;37;32m[38;2;34;35;26m▀[48;2;191;147;100m[38;2;189;149;100m▀[48;2;191;149;101m[38;2;190;148;100m▀[48;2;190;148;100m▀▀[48;2;188;145;100m[38;2;191;149;101m▀[48;2;75;56;28m[38;2;192;148;101m▀[48;2;39;35;27m[38;2;193;148;98m▀[48;2;249;227;193m[38;2;28;27;22m▀[48;2;248;228;193m[38;2;73;63;56m▀[48;2;165;152;139m[38;2;59;61;71m▀[48;2;123;118;149m[38;2;126;122;148m▀[0m[38;2;119;115;144m▄[0m         [0m
       [48;2;204;211;207m[38;2;198;212;214m▀[48;2;224;231;230m[38;2;164;184;192m▀[48;2;149;166;168m[38;2;121;140;151m▀[48;2;112;132;143m[38;2;114;132;146m▀[48;2;116;134;145m[38;2;108;129;144m▀[48;2;147;165;174m[38;2;112;131;145m▀[48;2;116;137;145m[38;2;113;134;145m▀[48;2;105;129;141m[38;2;113;135;149m▀[0m     [48;2;152;135;125m[38;2;144;126;112m▀[48;2;83;70;56m[38;2;240;223;197m▀[48;2;243;226;198m[38;2;240;223;195m▀[48;2;243;223;197m[38;2;197;193;177m▀[0m[38;2;239;222;194m▄[48;2;244;223;196m[38;2;155;174;173m▀[48;2;172;168;154m[38;2;138;163;165m▀[48;2;100;108;94m[38;2;120;153;159m▀[0m  [38;2;103;111;96m▄[48;2;243;221;196m[38;2;239;221;196m▀[48;2;156;137;120m[38;2;156;137;123m▀[0m                     [48;2;93;73;48m[38;2;95;75;50m▀[48;2;94;74;49m[38;2;94;74;49m▀[48;2;45;30;18m[38;2;53;40;26m▀[48;2;97;77;52m[38;2;94;75;51m▀[48;2;94;74;49m[38;2;93;74;49m▀[48;2;95;75;50m[38;2;196;178;158m▀[48;2;62;48;27m[38;2;73;60;47m▀[48;2;190;163;141m[38;2;150;136;118m▀[48;2;84;75;65m[38;2;52;42;32m▀[48;2;249;225;193m[38;2;106;95;83m▀[48;2;42;42;35m[38;2;194;181;158m▀[48;2;45;44;39m[38;2;95;94;90m▀[48;2;96;95;91m[38;2;86;85;81m▀[48;2;242;220;195m[38;2;248;227;196m▀[48;2;161;147;129m[38;2;39;32;24m▀[48;2;193;150;101m[38;2;190;149;99m▀[48;2;189;143;96m[38;2;189;147;99m▀[48;2;37;30;28m▀[48;2;200;183;165m[38;2;179;144;97m▀[48;2;249;227;196m[38;2;40;35;32m▀[48;2;245;225;196m[38;2;251;229;200m▀[48;2;126;97;62m[38;2;250;227;195m▀[48;2;189;148;101m[38;2;88;72;46m▀[48;2;192;148;101m[38;2;163;145;124m▀[0m[38;2;182;160;142m▀[0m [38;2;128;125;154m▀[48;2;126;121;151m[38;2;127;122;154m▀[0m        [0m
         [38;2;217;223;217m▀[48;2;113;132;139m[38;2;150;165;170m▀[48;2;191;202;201m[38;2;134;153;156m▀[48;2;230;234;226m[38;2;230;233;230m▀[48;2;227;232;225m[38;2;169;188;191m▀[48;2;184;195;196m[38;2;140;162;166m▀[0m      [38;2;161;139;125m▀[38;2;154;136;122m▀[38;2;116;109;95m▀[38;2;154;137;124m▀[38;2;154;136;122m▀[38;2;157;136;123m▀[38;2;156;139;123m▀[38;2;158;141;122m▀[38;2;180;161;141m▀[48;2;108;105;94m[38;2;243;226;197m▀[48;2;154;137;119m[38;2;241;224;198m▀[48;2;153;135;120m[38;2;152;135;119m▀[0m                    [48;2;90;69;50m[38;2;66;60;44m▀[48;2;94;72;48m[38;2;94;74;49m▀[48;2;95;75;50m[38;2;95;75;50m▀[48;2;58;47;33m[38;2;40;33;17m▀[48;2;94;74;49m[38;2;91;74;48m▀[48;2;51;41;24m[38;2;84;66;43m▀[48;2;93;73;48m[38;2;93;73;48m▀[38;2;94;75;49m▀[48;2;94;74;49m[38;2;97;77;53m▀[48;2;69;52;31m[38;2;246;226;193m▀[48;2;89;71;47m[38;2;166;154;126m▀[48;2;121;129;154m[38;2;37;46;45m▀[48;2;37;35;30m[38;2;31;28;23m▀[48;2;52;49;44m[38;2;98;95;90m▀[48;2;97;98;93m[38;2;44;37;27m▀[48;2;246;226;194m[38;2;250;227;195m▀[48;2;252;229;195m[38;2;42;41;37m▀[48;2;248;228;195m[38;2;61;56;46m▀[48;2;152;138;116m[38;2;249;229;195m▀[48;2;190;166;143m[38;2;248;228;195m▀[48;2;30;29;24m[38;2;81;64;42m▀[48;2;191;147;102m[38;2;110;87;57m▀[48;2;151;118;87m[38;2;143;110;65m▀[48;2;127;100;59m[38;2;190;146;99m▀[48;2;176;138;94m▀[48;2;190;148;100m[38;2;121;99;72m▀[0m  [48;2;126;123;154m[38;2;91;89;112m▀[48;2;91;89;111m[38;2;113;111;141m▀[0m       [0m
                                                     [48;2;97;75;49m[38;2;95;73;49m▀[48;2;94;74;49m[38;2;92;72;47m▀[38;2;95;75;50m▀[48;2;80;65;43m[38;2;69;56;38m▀[48;2;93;73;48m[38;2;92;72;47m▀[48;2;92;75;49m[38;2;94;74;50m▀[48;2;92;72;47m[38;2;94;72;48m▀[48;2;91;71;46m[38;2;93;71;47m▀[48;2;92;70;46m[38;2;96;74;50m▀[48;2;93;73;48m[38;2;95;75;50m▀[48;2;91;70;45m[38;2;89;72;48m▀[48;2;42;41;43m[38;2;36;37;31m▀[48;2;95;94;89m[38;2;27;26;22m▀[48;2;97;96;92m[38;2;94;90;87m▀[48;2;96;95;91m[38;2;49;46;41m▀[48;2;54;61;71m[38;2;250;227;195m▀[48;2;44;43;38m[38;2;231;214;185m▀[48;2;71;63;54m[38;2;194;172;148m▀[48;2;194;172;154m[38;2;194;170;146m▀[48;2;59;47;35m[38;2;193;171;148m▀[48;2;91;73;53m[38;2;250;228;196m▀[48;2;245;225;191m[38;2;40;35;30m▀[48;2;35;35;31m[38;2;191;146;97m▀[48;2;191;148;96m[38;2;128;107;68m▀[48;2;105;87;58m[38;2;177;139;98m▀[48;2;191;147;100m[38;2;107;85;52m▀[48;2;189;145;96m[38;2;87;76;57m▀[0m[38;2;105;93;53m▄[0m [48;2;75;75;77m[38;2;121;118;144m▀[48;2;81;77;99m[38;2;83;79;100m▀[0m      [0m
                                                     [48;2;95;75;48m[38;2;93;72;47m▀[48;2;93;73;48m[38;2;90;70;45m▀[48;2;91;71;46m[38;2;95;73;49m▀[48;2;90;72;45m[38;2;91;74;50m▀[48;2;93;73;49m[38;2;92;72;47m▀[48;2;92;72;47m[38;2;93;73;48m▀[48;2;81;66;49m[38;2;77;60;43m▀[48;2;92;72;48m[38;2;92;72;47m▀[48;2;93;73;48m[38;2;93;73;48m▀[48;2;95;74;49m[38;2;94;74;49m▀[48;2;83;67;50m[38;2;89;69;44m▀[48;2;40;40;46m[38;2;31;35;41m▀[48;2;94;94;90m[38;2;97;96;92m▀[48;2;97;96;92m[38;2;95;94;90m▀[48;2;95;94;93m▀[48;2;59;69;77m[38;2;132;147;176m▀[48;2;168;158;138m[38;2;247;229;204m▀[48;2;249;229;202m[38;2;229;213;189m▀[48;2;176;158;134m[38;2;22;17;12m▀[48;2;195;171;147m[38;2;66;52;40m▀[48;2;93;73;49m[38;2;90;70;46m▀[48;2;92;72;47m[38;2;90;71;49m▀[38;2;249;226;195m▀[48;2;239;218;191m[38;2;35;33;28m▀[48;2;138;124;108m[38;2;184;142;99m▀[48;2;113;88;64m[38;2;186;147;103m▀[48;2;185;145;102m[38;2;192;147;98m▀[48;2;176;142;95m[38;2;118;91;54m▀[0m  [48;2;128;118;153m[38;2;103;99;123m▀[48;2;81;77;99m[38;2;84;78;83m▀[0m     [0m
                                                     [48;2;92;72;48m[38;2;92;72;47m▀[48;2;94;74;49m[38;2;93;73;48m▀[48;2;93;73;48m[38;2;92;72;47m▀[48;2;93;72;47m[38;2;95;73;49m▀[48;2;93;73;47m[38;2;92;72;47m▀[48;2;91;70;46m[38;2;93;73;48m▀[48;2;93;73;48m▀[48;2;86;70;50m▀[48;2;92;72;47m[38;2;94;74;50m▀[48;2;97;77;52m[38;2;93;73;48m▀[48;2;91;70;47m[38;2;96;74;50m▀[48;2;134;147;181m[38;2;184;145;82m▀[48;2;92;90;88m[38;2;147;119;69m▀[48;2;95;94;92m[38;2;155;121;69m▀[48;2;97;96;94m[38;2;120;97;58m▀[48;2;131;142;172m[38;2;128;146;185m▀[48;2;35;39;44m[38;2;49;47;35m▀[48;2;252;233;201m[38;2;251;231;202m▀[48;2;252;233;203m[38;2;251;232;200m▀[48;2;253;234;204m[38;2;250;230;203m▀[48;2;251;233;202m[38;2;84;69;47m▀[48;2;74;55;37m[38;2;93;73;48m▀[48;2;92;72;48m[38;2;92;72;47m▀[48;2;92;72;47m[38;2;94;74;49m▀[48;2;252;233;202m[38;2;145;128;110m▀[48;2;244;224;200m[38;2;247;223;197m▀[48;2;250;226;195m[38;2;33;28;23m▀[48;2;35;34;32m[38;2;189;149;99m▀[0m[38;2;190;148;97m▄[0m [48;2;113;109;143m[38;2;81;77;99m▀[48;2;120;117;145m▀[0m     [0m
                                                     [48;2;92;72;47m[38;2;93;73;48m▀[38;2;92;72;47m▀[48;2;90;70;45m[38;2;93;73;48m▀[48;2;93;70;45m[38;2;92;71;47m▀[48;2;92;72;47m[38;2;93;72;46m▀[48;2;93;73;48m[38;2;94;74;49m▀[48;2;91;71;46m▀[48;2;93;72;47m[38;2;78;63;46m▀[48;2;93;72;48m[38;2;94;74;49m▀[48;2;89;69;44m[38;2;92;72;47m▀[48;2;92;72;47m[38;2;94;74;49m▀[48;2;163;136;90m[38;2;131;145;177m▀[48;2;141;112;68m[38;2;94;93;89m▀[48;2;158;127;79m[38;2;96;95;91m▀[48;2;96;78;42m[38;2;88;88;86m▀[48;2;126;140;173m[38;2;149;122;76m▀[48;2;131;146;179m[38;2;191;151;87m▀[48;2;228;213;189m[38;2;252;233;203m▀[48;2;253;232;203m▀[48;2;254;233;204m[38;2;253;234;204m▀[48;2;252;233;203m▀[48;2;251;234;204m[38;2;251;232;203m▀[48;2;253;232;204m[38;2;69;55;37m▀[48;2;84;66;44m[38;2;92;72;48m▀[48;2;252;232;202m[38;2;254;233;205m▀[48;2;250;233;203m[38;2;252;233;203m▀[48;2;250;231;201m[38;2;205;183;157m▀[48;2;195;173;149m[38;2;214;193;168m▀[48;2;151;135;114m[38;2;36;35;29m▀[48;2;32;33;23m[38;2;162;129;82m▀[0m [48;2;68;67;81m[38;2;111;108;132m▀[0m     [0m
                                                     [48;2;92;72;47m[38;2;94;74;49m▀[48;2;91;71;46m[38;2;92;72;45m▀[48;2;88;70;47m[38;2;91;71;46m▀[48;2;91;71;46m[38;2;90;71;47m▀[48;2;90;71;49m[38;2;92;72;48m▀[48;2;94;74;50m[38;2;93;72;47m▀[48;2;92;72;47m[38;2;91;71;46m▀[38;2;93;73;48m▀[48;2;90;70;45m[38;2;88;69;48m▀[48;2;91;71;46m[38;2;93;73;48m▀[48;2;34;23;18m[38;2;88;68;48m▀[48;2;71;82;98m[38;2;130;140;175m▀[48;2;53;52;48m[38;2;53;50;45m▀[48;2;87;83;80m[38;2;97;96;91m▀[48;2;97;93;90m[38;2;49;48;46m▀[48;2;95;94;89m[38;2;67;66;74m▀[48;2;130;145;176m[38;2;130;145;174m▀[48;2;67;71;79m[38;2;43;40;31m▀[48;2;252;233;203m[38;2;253;232;203m▀[48;2;253;234;204m[38;2;251;232;202m▀[48;2;253;233;206m[38;2;252;233;203m▀[48;2;252;233;203m▀[48;2;253;232;203m▀[48;2;252;233;203m[38;2;253;232;204m▀[48;2;221;206;189m[38;2;251;232;201m▀[48;2;50;47;40m[38;2;252;233;203m▀[48;2;49;46;39m▀[48;2;48;46;39m▀[48;2;39;31;25m[38;2;92;72;47m▀[48;2;80;64;46m[38;2;209;191;165m▀[0m[38;2;241;220;192m▄[48;2;114;111;143m[38;2;118;116;143m▀[0m     [0m
                                                     [48;2;91;71;46m[38;2;93;73;48m▀[48;2;90;70;45m▀[48;2;93;73;48m[38;2;66;49;32m▀[48;2;91;72;47m[38;2;92;72;47m▀[48;2;45;35;19m[38;2;67;52;36m▀[48;2;92;72;47m[38;2;94;74;49m▀[48;2;91;71;46m[38;2;93;72;48m▀[48;2;94;73;48m[38;2;91;71;46m▀[48;2;92;72;47m▀[48;2;82;66;46m▀[48;2;25;26;24m[38;2;33;31;24m▀[48;2;73;74;68m[38;2;48;50;52m▀[48;2;96;92;89m[38;2;96;94;90m▀[48;2;98;94;91m[38;2;97;93;90m▀[48;2;96;95;91m[38;2;95;94;89m▀[48;2;95;94;90m[38;2;95;93;90m▀[48;2;101;111;135m[38;2;132;145;179m▀[48;2;131;144;176m[38;2;132;147;178m▀[48;2;39;38;30m[38;2;236;219;198m▀[48;2;252;232;203m[38;2;252;233;203m▀[48;2;252;233;203m[38;2;252;233;202m▀[38;2;252;233;203m▀[48;2;253;234;204m▀[48;2;252;233;203m[38;2;241;224;200m▀[48;2;49;46;41m[38;2;49;46;42m▀[38;2;49;46;41m▀[48;2;48;45;40m[38;2;47;44;39m▀[48;2;50;47;42m[38;2;49;45;41m▀[48;2;49;46;41m[38;2;47;45;40m▀[48;2;29;29;27m[38;2;18;18;12m▀[48;2;94;74;50m[38;2;86;68;49m▀[48;2;51;42;31m[38;2;111;87;68m▀[0m[38;2;57;59;82m▄[0m    [0m
                                                     [48;2;91;71;46m[38;2;92;72;47m▀[48;2;93;73;49m▀[48;2;91;71;46m[38;2;93;73;47m▀[48;2;54;42;25m[38;2;90;70;46m▀[48;2;91;71;46m[38;2;85;67;45m▀[48;2;92;72;47m[38;2;92;72;47m▀[48;2;93;73;48m[38;2;91;71;46m▀[48;2;92;72;47m[38;2;92;72;47m▀[38;2;91;71;46m▀[48;2;247;230;203m[38;2;156;140;121m▀[48;2;94;100;120m[38;2;45;49;55m▀[48;2;93;95;92m[38;2;86;88;82m▀[48;2;94;93;89m[38;2;94;93;89m▀[48;2;98;94;91m[38;2;93;92;88m▀[48;2;95;94;90m[38;2;94;93;89m▀[48;2;93;92;88m▀[48;2;93;92;89m[38;2;91;91;90m▀[48;2;132;145;177m[38;2;131;145;173m▀[48;2;129;142;172m[38;2;122;135;158m▀[48;2;58;54;43m[38;2;253;233;204m▀[48;2;253;234;204m[38;2;251;233;203m▀[48;2;252;233;203m[38;2;252;233;203m▀[48;2;253;234;204m▀[48;2;248;230;203m[38;2;252;232;205m▀[48;2;57;50;41m[38;2;51;48;43m▀[48;2;231;194;163m[38;2;50;47;42m▀[48;2;252;209;169m[38;2;49;47;44m▀[48;2;184;155;129m[38;2;45;43;36m▀[48;2;93;73;49m[38;2;92;70;51m▀[48;2;93;73;48m[38;2;92;72;48m▀[48;2;90;70;45m[38;2;91;71;46m▀[48;2;91;71;46m▀[48;2;101;97;123m[38;2;41;43;45m▀[48;2;44;42;48m[38;2;21;19;14m▀[0m   [0m
                                                     [48;2;75;60;37m[38;2;92;73;49m▀[48;2;93;73;49m[38;2;90;70;45m▀[48;2;91;71;46m[38;2;93;73;48m▀[48;2;92;73;49m[38;2;94;74;50m▀[48;2;91;70;49m[38;2;92;71;46m▀[48;2;92;72;47m[38;2;91;71;46m▀[48;2;90;70;45m[38;2;90;70;45m▀[38;2;91;71;47m▀[48;2;91;71;46m▀[48;2;254;233;206m[38;2;253;232;201m▀[48;2;122;135;162m[38;2;112;120;143m▀[48;2;47;44;39m[38;2;96;96;91m▀[48;2;98;94;91m[38;2;94;90;87m▀[48;2;95;91;88m[38;2;96;92;89m▀[48;2;94;93;89m[38;2;97;93;90m▀[48;2;25;22;17m[38;2;93;92;88m▀[48;2;26;25;20m[38;2;28;24;21m▀[48;2;28;24;21m[38;2;40;47;56m▀[48;2;131;142;174m[38;2;130;143;175m▀[48;2;129;143;172m[38;2;34;40;44m▀[48;2;247;227;203m[38;2;251;231;204m▀[48;2;244;226;202m[38;2;253;232;201m▀[48;2;254;233;202m[38;2;123;111;89m▀[48;2;49;45;40m[38;2;252;233;203m▀[48;2;195;160;138m[38;2;210;197;177m▀[48;2;253;208;169m[38;2;252;208;169m▀[48;2;251;207;168m[38;2;251;208;166m▀[48;2;250;206;167m[38;2;253;209;170m▀[48;2;47;46;41m[38;2;30;22;14m▀[48;2;46;45;39m[38;2;91;73;48m▀[48;2;60;57;47m[38;2;91;71;47m▀[48;2;52;43;30m[38;2;88;68;43m▀[48;2;92;72;48m[38;2;85;69;42m▀[48;2;113;109;137m[38;2;33;35;24m▀[48;2;103;103;128m[38;2;83;80;92m▀[0m  [0m
                                                     [48;2;245;224;193m[38;2;189;171;149m▀[48;2;89;69;44m[38;2;89;69;44m▀[48;2;92;72;47m[38;2;91;71;46m▀[48;2;89;69;43m▀[48;2;92;72;47m[38;2;69;54;40m▀[48;2;95;73;49m[38;2;94;74;49m▀[48;2;91;71;46m[38;2;91;71;47m▀[48;2;92;72;47m[38;2;92;71;47m▀[48;2;88;70;47m[38;2;88;68;47m▀[48;2;115;98;85m[38;2;254;232;201m▀[48;2;128;141;175m[38;2;123;137;166m▀[48;2;44;40;37m[38;2;45;44;39m▀[48;2;49;45;42m[38;2;49;46;41m▀[48;2;51;48;43m[38;2;47;43;40m▀[48;2;49;46;41m[38;2;27;23;20m▀[48;2;23;22;17m[38;2;28;27;23m▀[48;2;20;19;15m[38;2;24;23;19m▀[48;2;45;42;37m[38;2;25;24;20m▀[48;2;32;34;29m[38;2;127;141;170m▀[48;2;132;146;183m[38;2;85;97;118m▀[48;2;29;30;26m[38;2;44;41;34m▀[48;2;49;45;42m[38;2;241;223;199m▀[48;2;46;45;41m[38;2;47;44;39m▀[48;2;48;45;40m[38;2;49;46;41m▀[48;2;53;48;44m[38;2;42;37;31m▀[48;2;122;105;81m[38;2;250;205;166m▀[48;2;211;174;138m[38;2;193;160;127m▀[48;2;45;44;39m[38;2;221;181;149m▀[48;2;47;46;41m[38;2;50;47;42m▀[48;2;41;43;38m[38;2;251;233;201m▀[48;2;89;67;43m[38;2;87;70;42m▀[48;2;88;71;45m[38;2;91;70;46m▀[48;2;92;72;48m[38;2;97;77;52m▀[48;2;47;40;29m[38;2;95;91;116m▀[48;2;85;85;111m[38;2;112;108;141m▀[0m  [0m
                                                     [48;2;245;222;189m[38;2;249;227;191m▀[48;2;79;64;44m[38;2;93;73;48m▀[48;2;88;66;42m[38;2;92;72;47m▀[48;2;90;70;46m[38;2;93;73;48m▀[48;2;89;69;44m[38;2;87;67;42m▀[48;2;90;70;45m[38;2;71;55;38m▀[48;2;88;68;43m[38;2;89;69;44m▀[48;2;91;71;46m[38;2;91;71;46m▀[38;2;92;72;48m▀[48;2;83;68;46m[38;2;129;116;98m▀[48;2;48;45;40m[38;2;122;136;163m▀[48;2;46;45;40m[38;2;40;38;34m▀[48;2;48;45;40m[38;2;49;46;41m▀[48;2;47;44;39m[38;2;23;22;17m▀[48;2;23;22;17m[38;2;24;23;18m▀[48;2;28;25;20m[38;2;25;22;17m▀[48;2;51;48;43m[38;2;26;23;20m▀[48;2;48;45;40m[38;2;50;47;42m▀[38;2;48;45;38m▀[38;2;50;47;39m▀[38;2;48;45;40m▀[48;2;50;47;42m[38;2;49;46;41m▀[48;2;49;46;41m[38;2;51;48;43m▀[48;2;50;47;42m[38;2;50;47;42m▀[48;2;46;43;38m[38;2;53;50;45m▀[48;2;164;155;143m[38;2;50;47;42m▀[48;2;48;45;40m[38;2;47;44;39m▀[48;2;76;62;42m[38;2;49;46;41m▀[48;2;38;34;31m[38;2;150;137;122m▀[48;2;90;71;46m[38;2;90;70;45m▀[48;2;92;72;48m[38;2;93;73;48m▀[38;2;91;71;47m▀[48;2;90;70;45m[38;2;89;69;44m▀[48;2;86;66;40m[38;2;83;67;44m▀[48;2;112;108;144m[38;2;97;94;123m▀[0m  [0m
                                                      [48;2;249;226;193m[38;2;191;177;157m▀[48;2;88;71;45m[38;2;90;70;46m▀[48;2;89;70;45m[38;2;92;71;47m▀[48;2;91;71;46m[38;2;92;72;47m▀[48;2;92;72;47m[38;2;91;71;46m▀[48;2;56;43;26m[38;2;90;70;45m▀[48;2;92;72;48m[38;2;90;70;46m▀[48;2;92;72;47m[38;2;91;71;46m▀[48;2;84;64;46m[38;2;88;73;51m▀[48;2;49;46;41m[38;2;49;46;41m▀[48;2;49;44;40m[38;2;47;44;39m▀[48;2;50;47;42m[38;2;50;46;40m▀[48;2;51;48;43m[38;2;49;48;43m▀[48;2;45;44;39m[38;2;49;46;41m▀[48;2;51;48;41m[38;2;50;47;42m▀[48;2;49;46;41m[38;2;49;46;41m▀[48;2;50;47;42m[38;2;50;47;42m▀[48;2;245;229;206m[38;2;47;44;39m▀[48;2;49;46;39m▀[48;2;34;36;31m▀[48;2;48;45;40m[38;2;46;43;38m▀[48;2;46;43;36m[38;2;47;44;39m▀[48;2;36;33;28m[38;2;49;45;41m▀[48;2;90;70;45m[38;2;30;25;19m▀[48;2;89;70;45m[38;2;47;45;40m▀[48;2;90;70;47m[38;2;44;41;36m▀[48;2;91;71;46m[38;2;93;73;49m▀[48;2;92;72;47m[38;2;92;71;47m▀[48;2;87;68;44m[38;2;90;70;46m▀[48;2;92;72;48m[38;2;92;72;47m▀[48;2;93;73;48m[38;2;91;71;46m▀[48;2;90;70;45m[38;2;92;70;46m▀[48;2;89;71;47m[38;2;91;71;47m▀[0m   [0m
                                                      [48;2;249;225;192m[38;2;249;226;194m▀[48;2;237;218;191m[38;2;83;66;46m▀[48;2;93;73;48m[38;2;91;71;46m▀[48;2;91;71;47m[38;2;90;70;46m▀[48;2;92;72;47m[38;2;93;73;48m▀[38;2;92;74;49m▀[48;2;59;44;27m[38;2;88;69;45m▀[48;2;95;75;51m[38;2;88;68;43m▀[48;2;44;36;24m[38;2;63;49;30m▀[48;2;18;15;10m[38;2;23;21;15m▀[48;2;45;42;37m[38;2;84;76;66m▀[48;2;76;66;49m[38;2;42;33;22m▀[48;2;204;145;113m[38;2;48;44;40m▀[48;2;52;49;44m[38;2;194;186;174m▀[48;2;172;128;112m[38;2;48;45;40m▀[48;2;204;149;119m[38;2;198;143;115m▀[48;2;85;69;47m[38;2;49;45;42m▀[48;2;42;41;36m[38;2;55;54;45m▀[48;2;198;144;115m[38;2;44;45;38m▀[48;2;200;145;115m[38;2;205;149;119m▀[48;2;201;146;116m[38;2;197;145;116m▀[48;2;201;144;114m[38;2;40;38;30m▀[48;2;160;123;96m[38;2;129;99;76m▀[48;2;91;71;46m[38;2;91;71;46m▀[48;2;87;69;45m[38;2;81;63;41m▀[48;2;91;71;47m[38;2;89;69;45m▀[48;2;90;70;45m[38;2;91;71;46m▀[48;2;91;71;46m▀[48;2;88;65;40m[38;2;92;70;47m▀[48;2;93;73;49m[38;2;89;69;45m▀[48;2;91;71;46m[38;2;91;71;46m▀[48;2;92;72;47m[38;2;90;70;46m▀[48;2;92;71;44m[38;2;90;71;48m▀[0m   [0m
                                                      [38;2;35;31;26m▀[48;2;247;227;194m[38;2;248;225;191m▀[48;2;74;59;39m[38;2;91;71;46m▀[48;2;89;69;45m▀[48;2;88;68;43m[38;2;90;70;46m▀[48;2;91;71;46m[38;2;92;72;47m▀[48;2;89;69;45m[38;2;90;72;48m▀[48;2;84;66;44m[38;2;90;70;46m▀[48;2;90;70;46m[38;2;91;71;47m▀[48;2;90;70;45m[38;2;92;72;48m▀[48;2;91;71;46m[38;2;91;71;46m▀[48;2;89;69;45m[38;2;90;72;48m▀[48;2;252;209;167m[38;2;205;150;120m▀[48;2;241;196;159m[38;2;202;147;117m▀[48;2;202;148;114m▀[48;2;250;208;166m[38;2;201;148;117m▀[48;2;91;72;47m[38;2;85;69;44m▀[48;2;91;71;46m[38;2;91;71;46m▀[48;2;172;126;103m[38;2;199;147;119m▀[48;2;201;146;116m[38;2;201;147;119m▀[48;2;253;209;171m[38;2;200;143;113m▀[48;2;246;200;162m[38;2;199;144;114m▀[48;2;202;147;117m[38;2;185;137;111m▀[48;2;89;72;47m[38;2;90;72;48m▀[48;2;91;71;46m[38;2;91;71;47m▀[48;2;93;73;49m[38;2;88;70;46m▀[48;2;92;73;49m[38;2;89;69;44m▀[48;2;90;70;46m[38;2;92;72;48m▀[48;2;86;68;43m[38;2;89;69;43m▀[48;2;91;71;47m[38;2;88;70;46m▀[48;2;89;69;44m[38;2;93;73;49m▀[48;2;91;71;47m[38;2;91;71;46m▀[48;2;92;72;47m[38;2;93;71;47m▀[0m   [0m
                                                       [48;2;119;99;76m[38;2;40;36;28m▀[48;2;247;227;193m[38;2;248;227;195m▀[48;2;76;59;38m[38;2;90;70;45m▀[48;2;93;73;49m[38;2;89;69;44m▀[48;2;91;71;46m[38;2;93;73;48m▀[48;2;92;72;47m[38;2;88;68;43m▀[48;2;92;70;46m[38;2;85;69;49m▀[48;2;91;71;47m[38;2;90;70;45m▀[48;2;92;72;47m[38;2;92;72;48m▀[48;2;92;72;48m[38;2;92;72;47m▀[48;2;90;70;46m▀[48;2;246;201;162m[38;2;250;207;165m▀[48;2;252;207;168m[38;2;250;206;167m▀[48;2;251;207;168m[38;2;251;207;168m▀[48;2;251;208;169m[38;2;251;207;166m▀[48;2;88;70;47m[38;2;84;66;43m▀[48;2;91;71;44m[38;2;89;69;45m▀[48;2;89;69;44m[38;2;87;69;49m▀[48;2;251;206;166m[38;2;252;209;167m▀[48;2;251;207;168m[38;2;251;208;166m▀[48;2;252;208;169m[38;2;251;206;167m▀[48;2;252;207;168m[38;2;252;207;166m▀[48;2;47;39;20m[38;2;81;63;47m▀[48;2;88;71;45m[38;2;92;72;47m▀[48;2;93;73;49m▀[48;2;92;72;47m[38;2;93;73;48m▀[48;2;91;71;47m[38;2;92;72;47m▀[48;2;85;63;47m[38;2;87;69;46m▀[48;2;90;70;45m[38;2;90;70;45m▀[48;2;92;72;48m[38;2;91;71;46m▀[48;2;93;73;48m▀[48;2;90;70;46m[38;2;93;73;47m▀[0m   [0m
                                                       [38;2;115;96;65m▀[48;2;163;125;86m[38;2;41;36;24m▀[48;2;251;226;193m[38;2;250;228;197m▀[48;2;78;62;37m[38;2;89;70;46m▀[48;2;88;68;44m[38;2;90;70;45m▀[48;2;87;70;44m▀[48;2;90;70;45m[38;2;91;71;47m▀[48;2;85;68;42m[38;2;38;30;15m▀[48;2;91;71;46m[38;2;88;68;44m▀[48;2;88;68;44m[38;2;92;72;48m▀[48;2;92;72;48m[38;2;90;70;45m▀[48;2;85;68;52m[38;2;74;53;29m▀[48;2;251;208;168m[38;2;253;209;170m▀[48;2;252;207;166m[38;2;251;207;168m▀[48;2;252;209;167m[38;2;253;209;168m▀[48;2;88;70;47m[38;2;90;71;46m▀[48;2;88;68;43m[38;2;91;71;46m▀[48;2;90;70;45m[38;2;90;70;45m▀[48;2;235;200;166m[38;2;253;208;167m▀[48;2;253;208;169m[38;2;250;206;167m▀[48;2;251;208;166m[38;2;249;207;167m▀[48;2;245;201;163m[38;2;252;209;167m▀[48;2;80;62;48m[38;2;75;59;36m▀[48;2;91;71;46m[38;2;91;71;47m▀[48;2;90;70;46m[38;2;92;72;48m▀[48;2;92;72;48m[38;2;91;71;46m▀[48;2;91;71;47m[38;2;95;75;50m▀[48;2;81;62;40m[38;2;79;63;42m▀[48;2;91;71;47m[38;2;90;70;45m▀[48;2;92;72;47m[38;2;88;68;43m▀[48;2;88;68;43m[38;2;92;72;47m▀[48;2;84;70;48m[38;2;91;70;44m▀[0m   [0m
                                                        [48;2;149;121;84m[38;2;190;140;96m▀[48;2;177;140;93m[38;2;45;38;30m▀[48;2;252;229;198m[38;2;247;225;194m▀[48;2;72;54;35m[38;2;91;71;46m▀[48;2;87;67;43m▀[48;2;93;73;48m▀[48;2;90;70;45m[38;2;91;72;47m▀[48;2;63;51;32m[38;2;81;66;46m▀[48;2;90;70;46m[38;2;91;70;47m▀[48;2;92;72;48m[38;2;90;70;45m▀[48;2;91;72;47m[38;2;90;69;49m▀[48;2;252;209;167m[38;2;251;208;166m▀[48;2;146;115;86m▀[48;2;252;208;169m[38;2;251;207;168m▀[48;2;76;61;41m[38;2;87;69;46m▀[48;2;91;71;47m[38;2;93;73;48m▀[38;2;89;69;44m▀[48;2;92;72;48m[38;2;87;69;45m▀[48;2;221;188;157m[38;2;252;208;169m▀[48;2;251;207;168m[38;2;251;208;166m▀[48;2;143;117;92m[38;2;237;194;157m▀[48;2;251;207;168m[38;2;248;208;170m▀[48;2;88;70;44m[38;2;93;73;49m▀[48;2;90;69;45m[38;2;91;70;47m▀[48;2;91;71;46m[38;2;91;71;47m▀[48;2;91;71;47m[38;2;91;71;46m▀[48;2;90;71;48m[38;2;84;67;44m▀[48;2;90;70;45m[38;2;92;72;48m▀[48;2;92;70;46m[38;2;91;71;47m▀[48;2;91;71;46m▀[48;2;49;38;26m[38;2;73;62;40m▀[0m   [0m
                                                         [48;2;186;144;96m[38;2;190;146;99m▀[48;2;164;129;91m[38;2;67;56;50m▀[48;2;250;227;194m[38;2;247;225;193m▀[48;2;74;57;37m[38;2;92;72;47m▀[48;2;91;71;47m[38;2;91;71;46m▀[48;2;90;70;45m[38;2;94;74;50m▀[48;2;85;69;47m[38;2;63;49;33m▀[48;2;91;71;47m[38;2;89;69;44m▀[48;2;92;72;47m[38;2;93;72;47m▀[48;2;90;70;45m[38;2;88;68;44m▀[48;2;251;207;168m[38;2;250;209;165m▀[48;2;249;205;164m[38;2;251;207;167m▀[48;2;250;207;165m[38;2;252;208;168m▀[48;2;192;173;151m[38;2;89;69;45m▀[48;2;92;71;45m[38;2;92;72;47m▀[48;2;87;67;42m[38;2;93;73;49m▀[48;2;91;73;49m[38;2;84;66;45m▀[48;2;77;57;41m[38;2;252;209;167m▀[48;2;41;36;30m[38;2;250;207;165m▀[48;2;50;46;43m[38;2;252;208;169m▀[48;2;42;42;37m[38;2;190;172;152m▀[48;2;147;133;113m[38;2;91;71;46m▀[48;2;87;67;40m[38;2;91;73;49m▀[48;2;36;27;17m[38;2;41;32;22m▀[48;2;92;72;47m[38;2;90;70;46m▀[48;2;81;64;44m[38;2;88;69;47m▀[48;2;88;68;44m[38;2;90;70;46m▀[48;2;91;71;46m[38;2;92;72;48m▀[38;2;91;71;47m▀[48;2;59;52;31m[38;2;52;40;24m▀[0m   [0m
                                                         [48;2;96;74;51m[38;2;188;143;98m▀[48;2;187;143;96m[38;2;188;144;97m▀[48;2;58;49;32m[38;2;180;164;141m▀[48;2;246;226;193m[38;2;248;226;195m▀[0m[38;2;70;57;34m▀[0m [48;2;94;72;48m[38;2;92;71;47m▀[48;2;89;69;44m[38;2;90;70;46m▀[48;2;91;71;46m[38;2;94;74;49m▀[48;2;79;62;44m[38;2;90;71;46m▀[48;2;50;47;42m[38;2;37;33;22m▀[48;2;48;47;40m[38;2;77;66;51m▀[48;2;182;167;151m[38;2;45;42;35m▀[48;2;253;232;203m[38;2;183;172;152m▀[48;2;197;182;162m[38;2;118;103;84m▀[48;2;97;77;52m[38;2;89;72;46m▀[48;2;237;221;196m[38;2;70;62;43m▀[48;2;46;44;39m[38;2;48;45;40m▀[48;2;44;41;36m[38;2;51;48;43m▀[48;2;47;44;37m[38;2;48;45;40m▀[48;2;250;231;201m[38;2;116;104;91m▀[48;2;187;170;154m[38;2;244;227;202m▀[48;2;92;72;47m[38;2;94;74;49m▀[48;2;60;47;33m[38;2;35;29;17m▀[48;2;91;71;47m[38;2;91;71;47m▀[48;2;58;46;31m[38;2;70;57;39m▀[48;2;89;69;45m[38;2;90;70;46m▀[48;2;90;70;45m[38;2;92;72;48m▀[48;2;91;71;46m[38;2;91;71;47m▀[0m    [0m
                                                          [48;2;191;147;98m[38;2;187;143;96m▀[48;2;187;146;98m[38;2;187;145;92m▀[48;2;38;38;28m[38;2;247;226;195m▀[48;2;246;227;192m[38;2;204;190;160m▀[0m [48;2;91;72;47m[38;2;94;74;49m▀[48;2;91;71;46m[38;2;48;38;24m▀[48;2;88;68;44m[38;2;89;69;45m▀[48;2;238;222;193m[38;2;239;220;201m▀[48;2;38;35;28m[38;2;44;43;38m▀[48;2;252;231;202m[38;2;37;33;27m▀[48;2;251;232;201m[38;2;252;233;202m▀[48;2;252;233;203m[38;2;254;233;204m▀[48;2;192;177;154m[38;2;210;194;171m▀[48;2;91;71;46m[38;2;93;73;48m▀[48;2;68;56;34m[38;2;114;98;81m▀[48;2;32;31;26m[38;2;46;45;40m▀[48;2;49;46;40m[38;2;49;46;41m▀[48;2;34;32;26m▀[48;2;254;233;202m[38;2;251;232;202m▀[48;2;105;95;87m[38;2;87;78;68m▀[48;2;93;73;49m[38;2;92;72;47m▀[48;2;88;69;44m[38;2;82;65;42m▀[48;2;106;89;56m[38;2;84;63;46m▀[48;2;86;69;45m[38;2;51;39;21m▀[48;2;91;73;49m[38;2;90;70;46m▀[48;2;89;69;44m[38;2;92;72;47m▀[48;2;93;73;48m[38;2;91;71;46m▀[0m    [0m
                                                           [38;2;188;146;98m▀[48;2;158;127;93m[38;2;33;29;23m▀[48;2;249;225;193m[38;2;248;228;195m▀[0m [48;2;91;71;47m[38;2;91;71;47m▀[38;2;90;70;46m▀[38;2;93;71;47m▀[48;2;61;46;27m[38;2;244;226;198m▀[48;2;248;226;202m[38;2;125;116;99m▀[48;2;251;232;200m[38;2;252;233;202m▀[38;2;251;232;200m▀[38;2;252;233;203m▀[48;2;146;130;114m[38;2;136;121;100m▀[48;2;90;70;46m[38;2;90;70;45m▀[38;2;90;74;51m▀[48;2;177;155;137m[38;2;203;189;168m▀[48;2;251;232;200m[38;2;50;47;40m▀[48;2;136;120;102m[38;2;96;90;80m▀[48;2;251;232;200m[38;2;252;233;201m▀[48;2;240;219;192m[38;2;238;220;197m▀[48;2;133;105;73m[38;2;92;72;48m▀[48;2;90;70;45m[38;2;95;74;47m▀[0m [38;2;63;57;33m▀[48;2;94;74;49m[38;2;91;71;46m▀[38;2;90;70;45m▀[48;2;90;70;45m[38;2;88;68;43m▀[0m    [0m
                                                               [48;2;91;71;47m[38;2;91;71;47m▀▀▀[48;2;86;69;49m[38;2;52;38;20m▀[48;2;251;232;203m[38;2;251;232;203m▀[48;2;252;231;201m[38;2;252;232;205m▀[48;2;251;232;200m[38;2;251;232;200m▀▀[48;2;59;46;31m[38;2;59;46;32m▀[48;2;92;72;48m[38;2;90;70;46m▀[48;2;92;71;46m[38;2;90;70;45m▀[48;2;65;53;36m[38;2;57;46;30m▀[48;2;251;232;200m[38;2;251;232;200m▀[48;2;94;84;69m[38;2;106;93;77m▀[48;2;251;232;200m[38;2;251;232;200m▀[48;2;250;224;191m[38;2;251;225;195m▀[48;2;68;51;30m[38;2;92;70;46m▀[48;2;90;70;45m[38;2;90;70;45m▀[0m         [0m
                                                                [38;2;91;71;47m▀▀[48;2;220;204;180m[38;2;184;166;145m▀[48;2;251;232;202m[38;2;251;232;206m▀[48;2;252;233;202m[38;2;252;232;201m▀[48;2;254;233;202m[38;2;253;233;204m▀[48;2;249;229;200m[38;2;251;232;200m▀[0m[38;2;42;33;17m▀[38;2;61;54;18m▀[0m  [48;2;251;232;200m[38;2;251;232;200m▀[48;2;160;143;120m[38;2;147;129;107m▀[48;2;251;232;200m[38;2;251;232;200m▀[48;2;248;227;194m[38;2;247;226;193m▀[48;2;66;52;32m[38;2;68;53;34m▀[48;2;63;50;33m[38;2;90;70;45m▀[0m         [0m
                                                                 [48;2;252;232;205m[38;2;201;182;171m▀[48;2;251;232;202m[38;2;250;231;202m▀[38;2;252;233;201m▀[48;2;252;232;204m[38;2;252;232;202m▀[48;2;61;55;45m[38;2;252;233;203m▀[48;2;37;38;35m[38;2;253;233;202m▀[0m    [48;2;251;232;200m[38;2;251;232;200m▀[48;2;153;135;118m[38;2;89;79;62m▀[48;2;251;232;200m[38;2;251;232;200m▀[48;2;249;227;189m[38;2;248;227;191m▀[48;2;49;36;21m[38;2;63;50;33m▀[48;2;90;70;45m[38;2;49;36;21m▀[0m         [0m
                                                                [48;2;176;138;102m[38;2;192;174;154m▀[48;2;178;137;98m[38;2;252;233;203m▀[48;2;228;209;186m[38;2;252;233;201m▀[48;2;27;27;20m[38;2;252;233;203m▀[0m[38;2;39;34;27m▀[38;2;33;30;25m▀[0m     [48;2;251;232;200m[38;2;227;205;179m▀[48;2;227;210;185m[38;2;151;130;107m▀[38;2;251;232;200m▀[48;2;253;232;201m[38;2;197;180;159m▀[0m[38;2;30;33;11m▀▀[0m         [0m
                                                                          [38;2;65;57;46m▄[48;2;250;231;204m[38;2;252;233;203m▀[48;2;249;232;205m[38;2;239;219;192m▀[48;2;246;226;202m[38;2;253;232;201m▀▀[0m           [0m
                                                                          [38;2;137;110;85m▀[48;2;56;47;41m[38;2;111;88;68m▀[48;2;148;136;125m[38;2;252;234;203m▀[48;2;31;33;26m[38;2;164;130;95m▀[0m[38;2;31;30;25m▀[0m           [0m
