                                      [48;2;230;213;195m[38;2;230;213;195m▀[48;2;245;227;205m▀[0m[38;2;230;213;195m▄[0m                                                 [0m
                                       [48;2;247;230;210m[38;2;230;213;195m▀[48;2;243;226;206m[38;2;228;217;197m▀[0m[38;2;240;222;203m▄[38;2;242;227;206m▄[38;2;204;196;177m▄[38;2;186;170;152m▄[48;2;241;229;205m[38;2;102;89;80m▀[48;2;197;180;159m[38;2;239;225;208m▀[48;2;166;148;134m[38;2;241;226;203m▀[48;2;170;151;137m[38;2;241;224;199m▀[0m                                         [0m
                                       [48;2;84;76;63m[38;2;243;227;204m▀[48;2;145;139;51m[38;2;244;226;206m▀[48;2;166;151;134m[38;2;165;148;129m▀[48;2;116;100;88m[38;2;166;149;132m▀[48;2;135;117;103m[38;2;167;150;134m▀[0m[38;2;17;18;10m▀[38;2;163;150;134m▀[48;2;73;69;57m[38;2;169;150;133m▀[48;2;104;94;82m[38;2;78;69;54m▀[0m[38;2;51;40;41m▄[0m                                         [0m
                                               [48;2;66;72;69m[38;2;45;40;31m▀[48;2;41;40;36m[38;2;36;35;31m▀[48;2;37;39;35m[38;2;37;39;35m▀[0m                                        [0m
                                        [38;2;239;235;235m▄[0m      [38;2;26;24;18m▀[48;2;176;167;152m[38;2;42;39;34m▀[48;2;42;41;37m[38;2;37;39;35m▀[48;2;33;34;35m[38;2;41;43;23m▀[0m                                       [0m
                                       [38;2;175;183;163m▀[0m        [48;2;170;173;177m[38;2;19;22;15m▀[48;2;27;30;20m[38;2;43;39;35m▀[48;2;133;128;118m[38;2;177;167;152m▀[0m                                       [0m
                                               [38;2;140;143;123m▀[0m  [48;2;249;214;178m[38;2;117;100;90m▀[48;2;252;214;177m[38;2;251;213;175m▀[48;2;251;215;179m[38;2;221;189;157m▀[0m              [38;2;146;141;171m▄[38;2;92;92;119m▀[0m                     [0m
                                                  [48;2;119;102;78m[38;2;228;192;161m▀[48;2;252;213;177m[38;2;253;214;177m▀[48;2;250;215;177m[38;2;252;214;178m▀[48;2;91;83;68m[38;2;28;36;12m▀[0m[38;2;57;54;49m▄[0m            [38;2;143;138;169m▀[38;2;118;116;137m▄[0m [38;2;146;141;171m▄▀[0m                  [0m
                               [38;2;208;223;206m▄[48;2;175;183;189m[38;2;186;197;193m▀[0m[38;2;182;189;195m▀[0m      [38;2;198;208;209m▄[0m         [48;2;24;24;14m[38;2;31;35;16m▀[48;2;57;56;50m[38;2;28;24;20m▀[48;2;42;39;34m[38;2;57;58;49m▀[48;2;56;53;48m[38;2;59;56;49m▀[48;2;55;52;45m[38;2;54;51;46m▀[48;2;55;53;48m[38;2;50;44;37m▀[0m       [38;2;144;139;168m▄▀[38;2;148;143;175m▄[38;2;147;140;174m▄[48;2;148;143;173m[38;2;92;92;119m▀[48;2;148;143;174m▀[48;2;148;141;172m[38;2;150;142;176m▀[48;2;148;143;173m[38;2;142;136;165m▀[0m[38;2;148;143;173m▄[38;2;147;143;171m▄[0m                 [0m
                              [38;2;194;206;206m▄[38;2;197;207;212m▀[0m                   [38;2;38;37;32m▀[48;2;56;53;46m[38;2;131;111;67m▀[48;2;55;54;49m[38;2;50;45;41m▀[48;2;128;114;101m[38;2;57;54;49m▀[48;2;253;233;208m[38;2;50;51;46m▀[0m       [48;2;220;196;216m[38;2;146;143;173m▀[48;2;147;139;172m[38;2;144;139;168m▀[48;2;143;141;172m[38;2;146;141;172m▀[48;2;145;140;170m[38;2;146;142;171m▀[48;2;199;183;210m[38;2;146;141;173m▀[48;2;146;140;170m[38;2;146;141;171m▀[48;2;146;141;171m[38;2;147;142;172m▀[48;2;146;139;170m[38;2;147;141;170m▀[48;2;152;146;175m[38;2;123;119;143m▀[48;2;149;142;171m[38;2;148;143;171m▀[48;2;199;184;211m[38;2;148;142;167m▀[0m[38;2;185;166;183m▄[0m               [0m
                                  [38;2;207;210;203m▄[38;2;185;202;193m▀[0m                [48;2;220;213;199m[38;2;187;152;94m▀[48;2;247;228;204m[38;2;242;229;210m▀[48;2;254;234;207m[38;2;251;235;209m▀[48;2;252;235;207m[38;2;254;234;207m▀[0m[38;2;225;211;185m▄[0m     [48;2;128;123;153m[38;2;151;137;152m▀[48;2;133;129;157m[38;2;141;126;143m▀[48;2;144;139;167m[38;2;175;164;190m▀[48;2;144;139;169m[38;2;197;183;205m▀[48;2;144;140;167m[38;2;146;141;171m▀[48;2;140;135;165m[38;2;148;139;169m▀[48;2;84;81;100m[38;2;138;134;163m▀[48;2;43;45;48m[38;2;124;121;146m▀[48;2;80;78;95m[38;2;145;141;169m▀[48;2;95;89;115m[38;2;144;139;169m▀[48;2;145;140;170m[38;2;143;138;168m▀[48;2;143;138;169m[38;2;99;95;115m▀[48;2;143;139;169m[38;2;145;139;169m▀[48;2;153;143;169m[38;2;142;136;162m▀[0m              [0m
               [38;2;216;240;235m▄[0m            [38;2;197;207;204m▄[48;2;216;225;230m[38;2;209;215;225m▀[0m[38;2;200;208;208m▀[38;2;153;168;163m▀[0m [38;2;147;162;158m▀[0m                   [48;2;228;210;188m[38;2;251;233;208m▀[48;2;255;235;208m[38;2;253;236;210m▀[48;2;253;236;207m[38;2;252;234;209m▀[48;2;255;235;208m[38;2;252;235;207m▀[0m     [38;2;83;86;124m▀[48;2;70;72;90m[38;2;83;83;104m▀[48;2;142;137;169m[38;2;142;138;166m▀[48;2;79;80;99m[38;2;139;135;170m▀[48;2;113;109;134m[38;2;135;133;163m▀[48;2;241;204;170m[38;2;69;66;86m▀[48;2;40;33;23m[38;2;64;57;58m▀[48;2;9;10;10m[38;2;218;180;155m▀[48;2;145;141;168m[38;2;97;93;117m▀[48;2;143;138;168m[38;2;134;130;158m▀[48;2;141;138;169m[38;2;142;136;166m▀[48;2;127;122;147m[38;2;143;139;168m▀[48;2;131;129;157m[38;2;52;52;68m▀[48;2;102;101;126m[38;2;139;133;164m▀[48;2;141;136;167m[38;2;141;132;154m▀[0m[38;2;138;133;163m▄[0m            [0m
               [38;2;202;225;224m▀[0m [38;2;226;241;240m▄[0m      [38;2;193;200;200m▄[38;2;170;175;179m▀[0m [38;2;207;218;202m▀[0m                          [48;2;189;175;150m[38;2;253;236;208m▀[48;2;254;234;208m[38;2;252;235;209m▀[48;2;254;234;205m[38;2;251;234;208m▀[48;2;225;207;185m[38;2;252;233;206m▀[0m[38;2;252;235;213m▄[0m    [38;2;121;118;150m▀[48;2;140;133;165m[38;2;139;134;165m▀[48;2;128;129;181m[38;2;83;86;124m▀[48;2;250;221;191m[38;2;160;134;108m▀[48;2;251;212;174m[38;2;252;211;177m▀[48;2;128;129;181m[38;2;128;129;181m▀[48;2;250;221;191m[38;2;250;221;191m▀[48;2;81;73;97m[38;2;90;81;110m▀[48;2;139;132;163m[38;2;103;100;122m▀[48;2;139;136;166m[38;2;141;136;168m▀[48;2;121;93;75m[38;2;92;91;110m▀[48;2;83;66;68m[38;2;136;131;162m▀[48;2;68;67;89m[38;2;135;129;162m▀[48;2;35;37;36m[38;2;109;106;134m▀[48;2;131;127;155m[38;2;76;73;92m▀[0m            [0m
       [38;2;224;241;231m▄[38;2;248;250;244m▀[38;2;222;242;231m▄[0m                [38;2;193;208;187m▀[0m                            [38;2;249;234;212m▀[48;2;252;235;207m[38;2;251;234;206m▀[48;2;196;178;155m[38;2;251;233;211m▀[48;2;186;168;146m[38;2;248;230;206m▀[48;2;157;138;108m[38;2;252;232;204m▀[0m[38;2;45;34;15m▄[0m    [48;2;220;186;156m[38;2;252;214;174m▀[48;2;250;210;173m[38;2;252;213;174m▀[38;2;251;212;173m▀[38;2;250;210;174m▀[48;2;183;162;136m[38;2;251;211;174m▀[48;2;247;226;195m[38;2;252;231;200m▀[48;2;43;33;21m[38;2;252;229;198m▀[48;2;55;45;35m[38;2;107;105;131m▀[48;2;51;48;69m[38;2;168;128;108m▀[48;2;138;133;165m[38;2;103;100;126m▀[48;2;127;123;149m[38;2;132;128;153m▀[48;2;131;130;158m[38;2;79;78;102m▀[48;2;96;101;122m[38;2;135;130;161m▀[0m[38;2;115;116;134m▄[0m           [0m
         [38;2;230;246;235m▀[38;2;227;242;232m▀[38;2;229;240;238m▀[0m        [38;2;232;248;240m▄[38;2;229;246;232m▀[0m   [48;2;213;242;232m[38;2;214;240;231m▀[0m                               [48;2;156;140;128m[38;2;235;218;193m▀[48;2;135;117;96m[38;2;190;172;150m▀[48;2;192;175;149m[38;2;193;177;151m▀[48;2;247;222;197m[38;2;46;43;32m▀[48;2;194;149;98m[38;2;129;104;60m▀[48;2;182;147;105m[38;2;250;224;199m▀[0m[38;2;95;72;54m▄[38;2;156;124;89m▄[0m [48;2;249;228;196m[38;2;250;210;173m▀[48;2;246;207;168m[38;2;252;213;174m▀[48;2;204;155;122m▀[48;2;206;153;122m[38;2;255;214;176m▀[48;2;205;151;121m[38;2;206;155;124m▀[48;2;129;117;100m[38;2;128;128;157m▀[48;2;101;93;86m[38;2;60;56;77m▀[48;2;33;31;42m[38;2;80;73;106m▀[48;2;52;49;64m[38;2;133;128;158m▀[48;2;95;93;104m[38;2;77;72;95m▀[48;2;79;75;98m[38;2;88;83;113m▀[48;2;100;94;122m[38;2;107;103;130m▀[0m[38;2;117;115;141m▄[0m           [0m
     [38;2;227;245;233m▀[48;2;214;234;222m[38;2;230;245;233m▀[0m[38;2;232;241;234m▄[38;2;220;238;226m▄[0m     [48;2;220;238;226m[38;2;239;248;241m▀[0m [38;2;212;217;206m▄[48;2;128;146;161m[38;2;238;250;241m▀[0m[38;2;212;230;231m▄[38;2;227;236;238m▀[0m                                      [48;2;76;60;41m[38;2;96;75;51m▀[48;2;96;79;53m[38;2;239;218;199m▀[48;2;117;99;82m[38;2;247;226;201m▀[48;2;55;40;30m[38;2;188;151;102m▀[48;2;193;153;104m[38;2;150;118;77m▀[48;2;120;101;71m[38;2;247;228;195m▀[48;2;146;122;92m[38;2;181;148;102m▀[48;2;132;102;68m[38;2;127;98;63m▀[48;2;145;130;108m[38;2;238;214;189m▀[48;2;53;38;28m[38;2;38;31;24m▀[48;2;249;232;209m[38;2;205;152;121m▀[48;2;209;191;167m[38;2;143;105;80m▀[48;2;202;180;156m[38;2;117;93;68m▀[48;2;194;171;150m[38;2;164;148;128m▀[48;2;238;220;185m[38;2;139;126;119m▀[48;2;31;26;28m[38;2;139;125;100m▀[48;2;192;149;103m[38;2;247;227;195m▀[48;2;192;152;104m[38;2;40;35;25m▀[48;2;33;29;25m[38;2;247;223;193m▀[48;2;87;81;95m[38;2;72;65;95m▀[48;2;129;124;154m[38;2;58;56;71m▀[48;2;127;122;152m[38;2;128;125;154m▀[48;2;77;71;100m[38;2;53;46;20m▀[0m[38;2;120;114;143m▄[0m [38;2;129;123;154m▄[0m     [38;2;111;108;134m▄[0m
      [48;2;171;194;186m[38;2;244;251;247m▀[48;2;197;227;231m[38;2;191;221;209m▀[48;2;206;226;225m[38;2;245;247;245m▀[0m[38;2;206;228;223m▀[38;2;207;224;221m▄[48;2;163;193;187m[38;2;205;226;213m▀[48;2;155;185;183m[38;2;202;218;210m▀[0m[38;2;232;245;241m▄[48;2;150;176;177m[38;2;226;236;233m▀[48;2;231;237;235m[38;2;179;198;186m▀[48;2;162;182;177m[38;2;168;185;178m▀[48;2;147;171;173m[38;2;159;179;174m▀[0m[38;2;196;213;213m▄[0m     [38;2;174;198;205m▄[0m                                 [38;2;30;30;19m▀[48;2;97;77;52m[38;2;97;76;49m▀[48;2;95;78;52m[38;2;89;74;49m▀[48;2;210;192;168m[38;2;34;34;35m▀[48;2;190;149;103m[38;2;192;152;103m▀[48;2;136;103;63m[38;2;129;99;60m▀[48;2;51;40;35m[38;2;39;35;24m▀[48;2;187;145;95m[38;2;194;151;100m▀[48;2;38;35;23m[38;2;246;226;197m▀[48;2;248;229;199m[38;2;90;78;65m▀[48;2;251;230;199m[38;2;211;195;180m▀[48;2;163;143;119m[38;2;223;207;185m▀[48;2;36;37;31m[38;2;201;184;160m▀[48;2;191;150;100m[38;2;104;86;54m▀[48;2;191;149;101m[38;2;189;150;102m▀[48;2;192;150;102m[38;2;191;150;104m▀[38;2;194;151;101m▀[48;2;192;152;103m[38;2;123;94;50m▀[48;2;152;123;90m[38;2;151;122;91m▀[0m   [38;2;127;122;152m▀[38;2;127;122;155m▀[48;2;113;109;144m[38;2;109;105;133m▀[48;2;87;85;96m[38;2;128;123;153m▀[0m[38;2;87;83;109m▀[48;2;116;110;139m[38;2;130;121;157m▀[48;2;125;122;153m[38;2;70;71;91m▀[0m[38;2;128;124;150m▀[38;2;127;123;155m▀[48;2;125;121;154m[38;2;127;121;154m▀[0m
     [38;2;132;162;164m▄[0m  [48;2;181;200;204m[38;2;164;194;205m▀[48;2;160;180;186m[38;2;141;175;174m▀[0m[38;2;217;236;236m▀[48;2;185;201;204m[38;2;138;172;172m▀[0m[38;2;154;179;177m▄[48;2;146;169;178m[38;2;221;229;231m▀[48;2;146;175;171m[38;2;144;173;171m▀[0m[38;2;173;192;193m▄[38;2;151;173;171m▀[38;2;140;160;166m▀[0m [38;2;215;222;228m▀[0m    [38;2;185;209;216m▀[0m                                  [38;2;97;73;49m▀[48;2;96;76;51m[38;2;94;74;49m▀[48;2;96;78;54m[38;2;246;229;203m▀[48;2;42;33;28m[38;2;189;153;102m▀[48;2;189;150;104m[38;2;172;136;93m▀[48;2;214;196;171m[38;2;156;142;124m▀[48;2;189;147;104m[38;2;129;96;61m▀[48;2;186;168;142m[38;2;248;227;198m▀[48;2;189;172;153m[38;2;226;206;181m▀[48;2;194;172;151m[38;2;247;228;195m▀[48;2;150;139;120m[38;2;35;31;23m▀[48;2;41;38;33m[38;2;36;36;29m▀[48;2;192;149;104m[38;2;145;112;69m▀[48;2;192;150;102m[38;2;181;144;102m▀[48;2;191;149;103m[38;2;191;151;102m▀[48;2;196;148;103m[38;2;186;150;103m▀[48;2;166;131;92m[38;2;197;149;99m▀[48;2;146;120;76m[38;2;192;148;102m▀[0m[38;2;42;40;30m▄[0m            [0m
 [48;2;122;141;158m[38;2;130;143;156m▀[48;2;124;143;160m[38;2;107;129;148m▀[0m[38;2;127;149;163m▄[48;2;132;154;167m[38;2;127;150;166m▀[48;2;139;159;170m[38;2;201;216;221m▀[48;2;220;230;227m[38;2;155;178;171m▀[0m[38;2;138;157;169m▄[48;2;124;143;158m[38;2;180;194;199m▀[48;2;183;193;193m[38;2;153;171;183m▀[0m[38;2;173;194;202m▀[48;2;156;174;182m[38;2;210;225;228m▀[48;2;233;243;245m[38;2;150;176;173m▀[0m [48;2;177;201;203m[38;2;233;244;241m▀[48;2;176;196;194m[38;2;201;216;215m▀[48;2;242;247;244m[38;2;191;204;207m▀[48;2;224;226;226m[38;2;230;236;234m▀[0m [38;2;200;215;218m▄[38;2;195;217;211m▄[0m    [38;2;159;181;182m▀[0m                                  [48;2;85;67;44m[38;2;95;75;50m▀[48;2;94;74;49m[38;2;96;76;51m▀[48;2;251;230;200m[38;2;177;164;148m▀[48;2;38;36;31m[38;2;192;148;102m▀[48;2;224;206;185m[38;2;223;204;180m▀[48;2;195;148;97m[38;2;190;148;105m▀[48;2;226;211;185m[38;2;52;48;36m▀[48;2;246;226;196m[38;2;249;227;196m▀[48;2;248;228;195m[38;2;246;225;194m▀[48;2;44;40;32m[38;2;128;116;92m▀[48;2;37;36;32m[38;2;40;36;32m▀[48;2;191;149;101m[38;2;192;150;101m▀[38;2;193;149;102m▀[48;2;191;147;100m[38;2;192;148;101m▀[48;2;192;149;102m[38;2;191;147;98m▀[48;2;190;148;100m[38;2;193;149;102m▀[48;2;191;149;101m[38;2;188;147;101m▀[48;2;192;150;102m[38;2;190;148;100m▀[48;2;190;148;100m[38;2;56;51;30m▀[0m[38;2;135;110;78m▄[0m          [0m
 [38;2;232;239;236m▀[0m [38;2;230;235;233m▀[38;2;229;236;232m▀[0m [38;2;232;238;234m▀[48;2;169;187;181m[38;2;232;233;229m▀[0m[38;2;168;185;179m▄[48;2;131;152;160m[38;2;176;197;190m▀[0m[38;2;220;231;236m▄[38;2;200;214;214m▀[48;2;195;207;205m[38;2;176;194;196m▀[48;2;205;220;219m[38;2;169;189;187m▀[0m[38;2;214;226;225m▀[38;2;186;200;201m▀[38;2;134;152;161m▀[0m [38;2;176;197;191m▄[0m    [38;2;218;229;223m▄[0m [38;2;213;234;231m▀[0m                                   [48;2;88;68;50m[38;2;94;73;48m▀[48;2;95;75;50m[38;2;80;63;43m▀[48;2;85;69;46m[38;2;247;227;196m▀[48;2;166;152;133m[38;2;192;179;165m▀[48;2;190;147;98m[38;2;194;148;99m▀[48;2;93;81;50m[38;2;43;37;31m▀[48;2;238;223;201m[38;2;50;47;40m▀[48;2;98;98;96m[38;2;50;51;45m▀[48;2;47;46;41m[38;2;127;110;92m▀[48;2;247;225;194m[38;2;82;72;56m▀[48;2;44;35;24m[38;2;191;147;99m▀[48;2;190;148;100m[38;2;190;148;100m▀[38;2;191;149;101m▀[48;2;191;147;100m[38;2;191;149;100m▀[48;2;189;147;99m[38;2;190;148;100m▀[48;2;191;146;102m[38;2;191;147;100m▀[48;2;43;39;33m[38;2;191;148;99m▀[48;2;247;223;192m[38;2;93;74;49m▀[48;2;249;225;197m[38;2;33;32;30m▀[48;2;132;111;86m[38;2;225;209;187m▀[0m[38;2;190;146;99m▄[38;2;189;147;97m▄[38;2;190;147;92m▄[0m      [0m
        [48;2;149;174;171m[38;2;179;198;187m▀[0m[38;2;209;233;219m▀[38;2;169;187;174m▄[38;2;135;166;154m▄[38;2;135;158;148m▀[48;2;161;180;175m[38;2;125;147;151m▀[0m [38;2;216;229;226m▀[38;2;207;222;214m▄[0m   [38;2;215;232;228m▄[0m                                        [38;2;149;133;125m▀[48;2;88;68;43m[38;2;93;73;48m▀[48;2;94;74;49m[38;2;94;74;49m▀[48;2;94;75;51m[38;2;96;84;62m▀[48;2;249;229;199m[38;2;30;35;32m▀[48;2;39;35;30m[38;2;190;148;99m▀[48;2;214;198;179m[38;2;244;225;197m▀[48;2;96;97;92m[38;2;96;98;93m▀[48;2;99;96;91m[38;2;100;99;94m▀[48;2;113;103;94m[38;2;247;227;200m▀[48;2;227;209;186m[38;2;41;36;29m▀[48;2;69;57;39m[38;2;191;147;99m▀[48;2;35;34;25m[38;2;192;149;102m▀[48;2;34;33;26m[38;2;190;148;100m▀[48;2;248;227;196m[38;2;26;22;11m▀[48;2;250;230;197m[38;2;68;57;45m▀[48;2;174;155;135m[38;2;250;227;195m▀[48;2;251;227;199m[38;2;194;173;148m▀[48;2;250;227;196m[38;2;155;122;79m▀[48;2;252;228;198m[38;2;139;109;75m▀[48;2;244;223;197m[38;2;81;61;34m▀[48;2;201;182;159m[38;2;51;38;27m▀[48;2;113;97;75m[38;2;38;33;27m▀[48;2;62;49;26m[38;2;38;34;31m▀[48;2;78;63;42m[38;2;36;33;26m▀[48;2;84;68;48m[38;2;30;27;21m▀[48;2;92;73;51m[38;2;27;24;16m▀[48;2;93;75;50m[38;2;32;29;23m▀[48;2;95;75;51m[38;2;36;30;19m▀[0m
    [48;2;176;202;195m[38;2;171;188;174m▀[0m  [38;2;140;156;153m▀[0m    [38;2;194;208;195m▄[0m [38;2;211;219;197m▄[0m          [38;2;228;233;229m▄[0m                                    [48;2;161;149;128m[38;2;235;222;199m▀[48;2;64;50;32m[38;2;92;72;47m▀[48;2;88;71;47m[38;2;77;60;32m▀[48;2;35;36;29m[38;2;134;146;169m▀[48;2;48;47;42m[38;2;53;48;36m▀[38;2;248;228;195m▀[48;2;34;31;26m[38;2;39;35;32m▀[48;2;68;68;61m[38;2;49;46;41m▀[48;2;69;69;70m[38;2;45;42;35m▀[48;2;226;207;175m[38;2;82;69;56m▀[48;2;94;73;49m[38;2;61;50;37m▀[48;2;241;220;196m[38;2;246;227;197m▀[48;2;92;71;52m[38;2;251;228;197m▀[48;2;93;72;48m[38;2;220;201;184m▀[48;2;205;185;161m[38;2;198;174;150m▀[48;2;199;174;152m[38;2;198;172;145m▀[48;2;186;170;152m[38;2;192;170;146m▀[48;2;189;168;147m[38;2;85;67;45m▀[48;2;92;72;48m[38;2;92;73;48m▀[48;2;93;73;48m[38;2;92;72;47m▀▀[48;2;94;74;49m[38;2;93;73;48m▀[48;2;93;73;48m[38;2;94;74;49m▀[38;2;92;72;47m▀▀[48;2;95;73;49m[38;2;93;73;48m▀[48;2;92;72;47m▀[48;2;91;71;46m▀[0m
        [38;2;184;204;202m▀[38;2;171;191;184m▀[0m  [38;2;213;225;215m▀[38;2;174;200;197m▄[38;2;235;237;228m▀[0m          [38;2;224;227;200m▀[0m                                     [48;2;246;220;193m[38;2;143;136;120m▀[48;2;48;47;32m[38;2;65;49;32m▀[48;2;133;145;181m[38;2;27;29;34m▀[48;2;95;95;93m[38;2;94;94;88m▀[48;2;96;95;91m[38;2;97;96;92m▀[38;2;91;90;86m▀[48;2;45;44;46m[38;2;43;42;37m▀[48;2;20;18;19m[38;2;40;40;38m▀[48;2;47;44;37m[38;2;251;231;204m▀[48;2;124;114;102m[38;2;193;171;148m▀[48;2;72;59;50m[38;2;195;172;151m▀[48;2;93;73;48m[38;2;93;73;48m▀▀[48;2;92;72;47m[38;2;223;205;183m▀[48;2;254;234;207m[38;2;250;231;199m▀[48;2;254;234;210m[38;2;253;234;204m▀[48;2;190;172;148m▀[48;2;230;209;188m[38;2;83;66;45m▀[48;2;92;75;49m[38;2;93;73;48m▀[48;2;92;72;47m[38;2;94;74;49m▀[38;2;92;72;47m▀[38;2;96;74;50m▀[38;2;93;73;48m▀[48;2;94;74;49m[38;2;94;74;49m▀[48;2;95;75;50m[38;2;91;71;46m▀[48;2;93;73;48m[38;2;94;74;49m▀[38;2;90;70;45m▀[0m
       [38;2;161;182;166m▀[0m  [38;2;206;225;222m▀[0m  [38;2;146;175;166m▀[48;2;222;228;214m[38;2;231;247;242m▀[0m[38;2;209;217;202m▀[0m                                               [38;2;92;89;71m▀[38;2;246;218;203m▄[48;2;131;146;176m[38;2;111;126;157m▀[48;2;95;93;88m[38;2;64;62;55m▀[48;2;93;93;90m[38;2;47;49;45m▀[48;2;48;51;48m[38;2;46;43;38m▀[48;2;199;154;96m[38;2;57;56;56m▀[48;2;90;82;71m[38;2;111;119;139m▀[48;2;242;222;201m[38;2;254;234;203m▀[48;2;252;233;203m[38;2;253;231;208m▀[48;2;253;234;204m[38;2;204;189;164m▀[48;2;202;184;164m[38;2;90;73;47m▀[48;2;85;69;43m[38;2;91;71;46m▀[48;2;91;71;46m[38;2;96;76;51m▀[48;2;66;49;27m[38;2;191;173;149m▀[48;2;252;233;203m[38;2;150;132;107m▀[48;2;252;233;201m[38;2;250;233;203m▀[48;2;250;232;202m[38;2;252;232;204m▀[48;2;84;68;52m[38;2;88;71;45m▀[48;2;91;71;46m[38;2;93;74;51m▀[48;2;93;73;48m[38;2;60;45;29m▀[48;2;90;71;47m[38;2;93;73;48m▀[48;2;45;32;19m[38;2;90;70;46m▀[48;2;94;72;49m[38;2;92;72;48m▀[48;2;92;72;48m[38;2;92;72;47m▀[48;2;92;72;47m[38;2;94;74;49m▀[38;2;92;72;47m▀[0m
                           [48;2;198;201;195m[38;2;210;218;196m▀[0m    [38;2;195;200;179m▀[0m                               [48;2;214;198;173m[38;2;184;169;160m▀[48;2;67;53;21m[38;2;135;146;176m▀[48;2;85;69;54m[38;2;96;96;88m▀[48;2;208;159;91m[38;2;96;95;90m▀[48;2;84;63;23m[38;2;94;95;90m▀[48;2;99;72;35m[38;2;95;96;92m▀[48;2;148;125;86m[38;2;114;136;179m▀[48;2;51;61;72m[38;2;45;39;35m▀[48;2;252;232;202m[38;2;254;233;204m▀[48;2;252;233;203m[38;2;252;232;203m▀[48;2;251;233;203m[38;2;252;232;204m▀[48;2;253;232;206m[38;2;254;236;208m▀[48;2;226;207;179m[38;2;78;61;41m▀[48;2;196;171;150m[38;2;92;75;49m▀[48;2;250;232;202m[38;2;252;233;203m▀[48;2;252;233;204m▀[48;2;252;231;204m[38;2;248;229;206m▀[48;2;232;213;187m[38;2;251;232;202m▀[48;2;90;71;46m[38;2;92;72;47m▀[48;2;91;71;46m[38;2;93;71;47m▀[48;2;92;72;48m[38;2;93;73;49m▀[48;2;91;71;46m[38;2;91;71;47m▀[48;2;91;72;47m▀[48;2;93;73;49m[38;2;53;37;21m▀[48;2;93;72;48m[38;2;93;73;49m▀[48;2;73;59;38m[38;2;94;73;49m▀[0m
     [38;2;192;198;143m▄[0m        [38;2;207;212;193m▄[0m             [48;2;185;196;195m[38;2;190;199;195m▀[0m[38;2;233;236;222m▄[38;2;173;184;165m▄[0m                                 [48;2;106;98;79m[38;2;244;227;198m▀[48;2;249;232;204m[38;2;55;50;45m▀[48;2;132;145;176m[38;2;127;138;166m▀[48;2;47;48;43m[38;2;94;94;87m▀[48;2;52;53;48m[38;2;95;94;89m▀[48;2;50;49;45m[38;2;96;92;89m▀[48;2;97;97;89m[38;2;37;38;48m▀[48;2;130;145;176m[38;2;81;64;34m▀[48;2;106;95;82m[38;2;253;233;203m▀[48;2;252;233;201m[38;2;252;233;203m▀[48;2;253;234;204m[38;2;253;234;204m▀[38;2;253;233;203m▀[38;2;253;234;203m▀[48;2;253;233;205m[38;2;210;190;164m▀[48;2;170;152;128m[38;2;247;230;204m▀[48;2;251;232;202m[38;2;252;233;203m▀[48;2;251;230;201m[38;2;252;233;204m▀[48;2;57;50;38m[38;2;252;232;203m▀[48;2;51;48;43m[38;2;191;174;151m▀[48;2;24;20;12m[38;2;88;72;48m▀[48;2;92;72;47m[38;2;45;35;19m▀[48;2;90;70;45m[38;2;88;71;50m▀[48;2;92;72;47m[38;2;91;71;47m▀[48;2;90;70;45m[38;2;91;71;46m▀[48;2;46;32;20m[38;2;93;73;48m▀[48;2;86;69;48m[38;2;91;71;46m▀[0m
              [38;2;137;158;142m▀[0m              [38;2;224;230;220m▀[0m [38;2;215;219;196m▀[38;2;142;165;145m▄[0m                               [48;2;36;33;19m[38;2;180;164;149m▀[48;2;253;228;190m[38;2;106;90;65m▀[48;2;226;214;189m[38;2;39;40;37m▀[48;2;135;148;180m[38;2;49;53;57m▀[48;2;93;94;89m[38;2;95;96;91m▀[48;2;94;93;89m[38;2;93;94;89m▀[48;2;96;95;91m[38;2;99;95;92m▀[48;2;97;94;89m[38;2;113;130;153m▀[48;2;131;144;176m[38;2;55;62;76m▀[48;2;251;232;202m[38;2;253;234;204m▀[48;2;252;233;203m[38;2;252;233;203m▀[48;2;252;233;201m[38;2;253;234;204m▀[48;2;252;233;203m[38;2;253;232;202m▀[48;2;253;233;204m[38;2;253;234;204m▀[48;2;50;43;33m[38;2;245;228;201m▀[48;2;48;45;38m[38;2;41;38;29m▀[48;2;46;43;38m[38;2;47;44;39m▀[48;2;49;46;41m[38;2;48;48;40m▀[48;2;48;45;40m[38;2;48;45;40m▀[48;2;41;36;26m[38;2;25;23;18m▀[48;2;28;24;18m[38;2;86;71;49m▀[48;2;91;71;46m[38;2;89;69;44m▀[48;2;92;72;47m[38;2;93;73;48m▀[38;2;89;69;44m▀[48;2;90;70;45m[38;2;94;74;49m▀[48;2;91;71;46m[38;2;93;73;48m▀[0m
                         [38;2;215;223;204m▀[0m       [38;2;153;171;160m▀[38;2;178;192;191m▄[0m                             [48;2;180;143;104m[38;2;157;123;86m▀[48;2;32;33;26m[38;2;174;157;137m▀[48;2;248;228;196m[38;2;226;207;177m▀[48;2;55;52;42m[38;2;31;31;29m▀[48;2;128;142;175m[38;2;53;57;64m▀[48;2;94;93;89m[38;2;95;94;90m▀[48;2;97;96;92m[38;2;94;93;89m▀[48;2;28;24;21m▀[48;2;21;25;24m[38;2;133;147;175m▀[48;2;132;142;179m[38;2;34;33;30m▀[48;2;248;231;204m[38;2;251;231;201m▀[48;2;252;232;205m[38;2;252;233;203m▀[48;2;251;232;202m[38;2;253;234;202m▀[48;2;253;234;204m[38;2;253;234;204m▀[48;2;248;228;203m[38;2;227;212;195m▀[48;2;48;45;40m[38;2;49;46;41m▀[48;2;48;45;41m▀[48;2;44;33;23m[38;2;50;47;42m▀[48;2;51;48;43m[38;2;47;44;39m▀[48;2;48;45;40m[38;2;44;41;36m▀[48;2;43;42;37m[38;2;45;44;39m▀[48;2;92;82;62m[38;2;65;52;38m▀[48;2;91;71;46m[38;2;26;23;16m▀[48;2;93;73;48m[38;2;91;71;46m▀[48;2;91;71;46m[38;2;92;72;47m▀[48;2;94;74;49m[38;2;93;73;48m▀[0m
                           [38;2;208;209;207m▄[0m                                    [48;2;173;134;90m[38;2;189;146;101m▀[48;2;96;74;42m[38;2;182;144;100m▀[48;2;97;75;47m[38;2;31;27;23m▀[48;2;245;226;200m[38;2;250;225;194m▀[48;2;245;224;194m[38;2;53;59;77m▀[48;2;128;142;173m[38;2;109;118;138m▀[48;2;25;24;20m[38;2;24;23;19m▀[48;2;46;45;40m[38;2;25;24;20m▀[48;2;24;23;19m[38;2;24;23;19m▀[48;2;62;66;76m[38;2;129;142;173m▀[48;2;132;145;176m[38;2;29;29;28m▀[48;2;253;234;205m[38;2;250;232;203m▀[48;2;175;159;134m[38;2;253;234;204m▀[48;2;252;232;205m[38;2;173;157;131m▀[48;2;43;41;37m[38;2;254;232;201m▀[48;2;252;208;169m[38;2;213;186;156m▀[48;2;250;207;168m[38;2;232;179;142m▀[48;2;253;208;169m[38;2;201;145;114m▀[48;2;48;45;40m[38;2;48;46;40m▀[48;2;119;113;100m[38;2;49;46;41m▀[48;2;47;43;39m[38;2;20;16;9m▀[48;2;90;70;45m[38;2;36;33;27m▀[48;2;91;71;46m[38;2;85;69;48m▀[48;2;90;70;45m[38;2;91;71;46m▀[48;2;91;69;45m[38;2;89;69;45m▀[48;2;90;70;45m[38;2;89;69;44m▀[0m
                            [38;2;159;176;165m▀[38;2;182;198;191m▄[0m                                  [48;2;124;95;55m[38;2;93;64;30m▀[48;2;186;144;96m[38;2;190;144;95m▀[48;2;121;90;57m[38;2;193;146;92m▀[48;2;189;147;99m[38;2;35;35;20m▀[48;2;37;38;29m[38;2;253;229;198m▀[48;2;247;226;195m[38;2;241;223;199m▀[48;2;237;221;183m[38;2;67;70;94m▀[48;2;49;45;44m[38;2;26;25;21m▀[48;2;49;46;41m[38;2;48;45;40m▀[48;2;50;47;42m[38;2;48;47;42m▀[48;2;43;48;60m[38;2;132;144;171m▀[48;2;102;109;134m[38;2;32;34;31m▀[48;2;47;44;37m[38;2;252;231;204m▀[48;2;46;43;38m[38;2;50;45;41m▀[38;2;37;39;32m▀[48;2;31;28;24m[38;2;229;192;156m▀[48;2;131;102;74m[38;2;250;207;167m▀[48;2;199;167;135m[38;2;185;152;114m▀[48;2;50;47;42m[38;2;51;46;40m▀[48;2;93;73;46m[38;2;46;35;26m▀[48;2;91;71;44m[38;2;62;51;37m▀[48;2;91;71;47m[38;2;90;70;45m▀[48;2;89;69;44m▀[48;2;91;71;47m[38;2;91;71;46m▀[48;2;91;71;46m▀[48;2;92;72;48m[38;2;90;70;45m▀[0m
                                        [38;2;216;225;219m▀[0m [38;2;216;228;224m▄[0m                     [48;2;43;47;28m[38;2;166;133;92m▀[48;2;189;145;99m[38;2;62;59;27m▀[48;2;187;146;94m[38;2;187;145;94m▀[48;2;192;146;100m[38;2;187;143;98m▀[48;2;186;144;96m[38;2;186;143;93m▀[48;2;192;146;97m[38;2;37;34;27m▀[48;2;35;30;23m[38;2;249;227;194m▀[48;2;250;225;194m[38;2;247;226;192m▀[48;2;247;225;193m[38;2;50;45;41m▀[48;2;47;43;40m[38;2;49;46;41m▀[48;2;48;45;38m▀[48;2;50;47;41m[38;2;48;45;40m▀[48;2;49;46;41m▀[48;2;22;20;16m[38;2;49;46;41m▀[48;2;50;47;40m[38;2;47;42;36m▀[48;2;49;46;39m[38;2;65;60;49m▀[48;2;91;72;47m[38;2;89;70;48m▀[48;2;91;71;46m[38;2;59;47;34m▀[48;2;94;74;49m[38;2;86;70;47m▀[48;2;91;70;47m[38;2;92;72;47m▀[48;2;91;71;47m[38;2;89;69;44m▀[38;2;92;72;47m▀[48;2;92;72;48m[38;2;90;70;45m▀[38;2;93;73;48m▀[48;2;90;70;45m[38;2;91;71;46m▀[38;2;89;69;44m▀[0m
                                           [38;2;167;178;175m▀[38;2;215;226;232m▄[0m                    [48;2;189;145;98m[38;2;188;146;98m▀[48;2;188;146;98m[38;2;188;144;98m▀[48;2;188;145;94m[38;2;190;148;100m▀[48;2;189;145;98m[38;2;188;146;98m▀[48;2;188;144;97m[38;2;188;144;97m▀[48;2;190;144;97m[38;2;187;144;92m▀[48;2;189;147;96m[38;2;38;33;27m▀[48;2;31;31;29m[38;2;248;227;196m▀[48;2;250;227;195m[38;2;247;227;194m▀[48;2;249;229;198m[38;2;30;26;20m▀[48;2;185;133;109m[38;2;47;44;40m▀[48;2;87;71;55m[38;2;77;68;58m▀[48;2;91;71;46m[38;2;88;70;46m▀[48;2;92;72;47m[38;2;92;72;47m▀[48;2;92;72;48m[38;2;92;72;48m▀[48;2;90;70;46m[38;2;90;70;46m▀[48;2;90;70;43m[38;2;91;71;46m▀[48;2;88;71;45m[38;2;93;73;48m▀[48;2;91;71;46m[38;2;88;68;44m▀[48;2;91;71;47m[38;2;92;72;47m▀[48;2;93;73;49m[38;2;93;72;48m▀[48;2;91;71;47m[38;2;90;72;48m▀[48;2;89;69;44m[38;2;91;71;47m▀[48;2;90;70;46m[38;2;92;72;48m▀[48;2;92;72;47m[38;2;89;69;44m▀[0m
                                                                 [48;2;190;148;98m[38;2;178;141;100m▀[48;2;169;133;94m[38;2;186;144;96m▀[48;2;187;147;95m[38;2;187;143;96m▀[48;2;189;145;98m[38;2;186;145;96m▀[48;2;187;143;96m[38;2;187;147;98m▀[48;2;187;146;98m[38;2;187;144;94m▀[48;2;188;144;97m[38;2;188;144;97m▀[38;2;187;144;94m▀[48;2;189;144;95m[38;2;37;36;31m▀[48;2;29;30;27m[38;2;249;226;194m▀[48;2;247;226;197m[38;2;244;222;191m▀[48;2;76;60;40m[38;2;73;58;37m▀[48;2;91;69;45m[38;2;91;71;47m▀[48;2;93;73;48m[38;2;91;73;49m▀[48;2;90;70;45m[38;2;90;70;46m▀[48;2;90;70;46m[38;2;94;74;50m▀[48;2;92;72;47m[38;2;90;70;46m▀[48;2;90;70;46m[38;2;86;68;44m▀[38;2;92;72;47m▀[48;2;89;69;45m[38;2;92;72;48m▀[48;2;89;69;44m[38;2;92;72;47m▀[38;2;89;69;44m▀[48;2;93;73;48m[38;2;92;72;47m▀[48;2;90;70;45m[38;2;91;71;47m▀[48;2;91;71;47m[38;2;93;73;49m▀[0m
                                                                 [48;2;119;93;62m[38;2;186;145;99m▀[48;2;166;131;90m[38;2;188;144;95m▀[48;2;185;144;97m[38;2;188;145;98m▀[48;2;188;147;100m[38;2;190;148;100m▀[48;2;189;145;97m[38;2;189;147;99m▀[48;2;190;146;97m[38;2;187;143;96m▀[48;2;186;144;97m[38;2;188;145;96m▀[48;2;188;146;98m[38;2;190;146;99m▀[48;2;187;145;97m[38;2;189;145;98m▀[48;2;186;145;97m▀[48;2;186;145;96m[38;2;22;19;10m▀[48;2;56;40;18m[38;2;247;225;195m▀[48;2;68;52;34m[38;2;90;73;54m▀[48;2;36;30;18m[38;2;89;69;45m▀[48;2;89;69;44m[38;2;94;74;50m▀[48;2;90;70;45m[38;2;92;72;48m▀[38;2;91;71;46m▀[48;2;91;71;47m[38;2;94;72;48m▀[48;2;91;71;46m[38;2;93;72;48m▀[38;2;89;69;45m▀[48;2;92;72;48m[38;2;89;70;45m▀[48;2;89;69;44m[38;2;91;71;46m▀[48;2;93;73;48m[38;2;90;70;46m▀[48;2;91;71;47m[38;2;91;71;47m▀[0m[38;2;93;71;48m▀[0m
                                                                 [48;2;188;145;99m[38;2;151;114;68m▀[48;2;190;146;99m[38;2;189;145;98m▀[48;2;187;145;97m[38;2;189;146;98m▀[38;2;189;145;98m▀[48;2;191;144;98m[38;2;187;145;97m▀[48;2;186;143;96m[38;2;189;145;96m▀[48;2;189;144;98m[38;2;181;138;100m▀[48;2;188;146;96m[38;2;160;126;88m▀[48;2;189;145;98m[38;2;187;145;97m▀[48;2;188;145;98m▀[48;2;187;145;97m[38;2;186;145;97m▀[48;2;189;145;97m[38;2;188;144;97m▀[48;2;186;146;98m[38;2;60;48;31m▀[48;2;90;70;45m[38;2;91;70;41m▀[48;2;57;43;27m[38;2;91;71;47m▀[48;2;91;71;47m[38;2;89;69;44m▀[48;2;91;71;46m[38;2;91;71;46m▀[48;2;90;69;45m▀[48;2;91;71;46m[38;2;90;70;45m▀[48;2;92;72;48m[38;2;91;71;46m▀[48;2;91;71;47m[38;2;93;73;48m▀[48;2;90;70;46m[38;2;89;69;44m▀[0m[38;2;90;70;45m▀[38;2;44;36;17m▀[0m [0m
                                                                 [38;2;188;144;99m▀[48;2;188;146;98m[38;2;189;145;96m▀[38;2;188;144;97m▀[48;2;189;145;98m[38;2;189;145;98m▀[48;2;190;146;97m▀[48;2;188;144;96m[38;2;188;144;97m▀[48;2;190;145;96m▀[48;2;190;146;99m[38;2;187;143;94m▀[48;2;188;144;97m[38;2;187;143;96m▀[48;2;110;89;56m[38;2;188;144;97m▀[48;2;200;146;116m[38;2;186;144;96m▀[48;2;85;70;46m[38;2;82;67;41m▀[48;2;92;72;48m[38;2;88;71;47m▀[48;2;32;22;10m[38;2;91;70;46m▀[48;2;80;66;46m[38;2;77;61;42m▀[48;2;92;72;47m[38;2;91;71;47m▀[38;2;92;72;48m▀[48;2;90;70;46m[38;2;95;75;50m▀[48;2;61;47;30m[38;2;91;71;46m▀[0m[38;2;91;71;46m▀[38;2;44;35;16m▀[0m    [0m
                                                                  [48;2;186;144;96m[38;2;189;146;99m▀[48;2;186;145;97m[38;2;189;147;99m▀[48;2;187;146;98m[38;2;187;143;96m▀[48;2;189;145;98m[38;2;188;145;98m▀[48;2;188;144;95m[38;2;189;145;98m▀[48;2;186;144;92m[38;2;188;144;97m▀[48;2;93;71;46m[38;2;190;146;97m▀[48;2;132;98;75m[38;2;131;105;78m▀[48;2;202;147;117m[38;2;202;147;116m▀[48;2;200;146;116m[38;2;200;146;115m▀[48;2;200;145;115m[38;2;71;47;27m▀[48;2;90;71;46m[38;2;92;72;48m▀[48;2;77;60;37m[38;2;87;69;47m▀[0m[38;2;42;31;13m▀[38;2;88;73;48m▀[38;2;74;65;42m▀[0m        [0m
                                                                  [48;2;186;145;94m[38;2;126;100;66m▀[48;2;191;148;97m[38;2;187;145;97m▀[48;2;118;93;62m[38;2;188;144;97m▀[48;2;166;128;103m[38;2;189;145;97m▀[48;2;192;170;147m[38;2;52;40;18m▀[48;2;148;128;76m[38;2;94;74;49m▀[48;2;137;119;69m[38;2;93;73;49m▀[0m[38;2;75;60;39m▀[48;2;235;200;168m[38;2;202;148;114m▀[48;2;49;46;36m[38;2;201;146;116m▀[48;2;19;21;16m[38;2;201;147;117m▀[48;2;193;166;144m[38;2;191;170;150m▀[0m            [0m
                                                                  [48;2;187;146;98m[38;2;187;146;98m▀[48;2;50;47;42m▀[48;2;48;47;40m[38;2;77;66;51m▀[48;2;182;167;151m[38;2;45;42;35m▀[48;2;253;232;203m[38;2;183;172;152m▀[0m[38;2;118;103;84m▀[0m [38;2;45;41;34m▄[48;2;46;44;39m[38;2;48;45;40m▀[48;2;44;41;36m[38;2;51;48;43m▀[48;2;47;44;37m[38;2;48;45;40m▀[48;2;250;231;201m[38;2;116;104;91m▀[48;2;249;229;202m[38;2;225;208;185m▀[0m           [0m
                                                                 [38;2;135;119;101m▄[48;2;238;222;193m[38;2;239;220;201m▀[48;2;38;35;28m[38;2;44;43;38m▀[48;2;252;231;202m[38;2;37;33;27m▀[48;2;251;232;201m[38;2;252;233;202m▀[48;2;252;233;203m[38;2;254;233;204m▀[0m  [48;2;194;178;156m[38;2;193;169;147m▀[48;2;32;31;26m[38;2;46;45;40m▀[48;2;49;46;40m[38;2;49;46;41m▀[48;2;34;32;26m▀[48;2;254;233;202m[38;2;251;232;202m▀[48;2;110;101;92m[38;2;215;198;172m▀[0m           [0m
                                                                 [48;2;239;220;199m[38;2;166;150;132m▀[48;2;61;46;27m[38;2;244;226;198m▀[48;2;248;226;202m[38;2;125;116;99m▀[48;2;251;232;200m[38;2;252;233;202m▀[38;2;251;232;200m▀[38;2;252;233;203m▀[0m  [48;2;253;231;208m[38;2;253;232;201m▀[48;2;177;155;137m[38;2;203;189;168m▀[48;2;251;232;200m[38;2;50;47;40m▀[48;2;136;120;102m[38;2;96;90;80m▀[48;2;251;232;200m[38;2;252;233;201m▀[48;2;182;165;139m[38;2;89;79;67m▀[0m           [0m
                                                                  [48;2;86;69;49m[38;2;52;38;20m▀[48;2;251;232;203m[38;2;251;232;203m▀[48;2;252;231;201m[38;2;252;232;205m▀[48;2;251;232;200m[38;2;251;232;200m▀▀[0m   [48;2;251;232;200m[38;2;251;232;200m▀[48;2;94;84;69m[38;2;106;93;77m▀[48;2;251;232;200m[38;2;251;232;200m▀[48;2;250;224;191m[38;2;251;225;195m▀[0m            [0m
                                                                  [48;2;220;204;180m[38;2;184;166;145m▀[48;2;251;232;202m[38;2;251;232;206m▀[48;2;252;233;202m[38;2;252;232;201m▀[48;2;254;233;202m[38;2;253;233;204m▀[48;2;249;229;200m[38;2;251;232;200m▀[0m   [48;2;251;232;200m[38;2;251;232;200m▀[48;2;160;143;120m[38;2;147;129;107m▀[48;2;251;232;200m[38;2;251;232;200m▀[48;2;248;227;194m[38;2;247;226;193m▀[0m            [0m
                                                                 [48;2;252;232;205m[38;2;201;182;171m▀[48;2;251;232;202m[38;2;250;231;202m▀[38;2;252;233;201m▀[48;2;252;232;204m[38;2;252;232;202m▀[48;2;61;55;45m[38;2;252;233;203m▀[48;2;37;38;35m[38;2;253;233;202m▀[0m   [48;2;251;232;200m[38;2;251;232;200m▀[48;2;153;135;118m[38;2;89;79;62m▀[48;2;251;232;200m[38;2;251;232;200m▀[48;2;249;227;189m[38;2;248;227;191m▀[0m            [0m
                                                                [48;2;176;138;102m[38;2;192;174;154m▀[48;2;178;137;98m[38;2;252;233;203m▀[48;2;228;209;186m[38;2;252;233;201m▀[48;2;27;27;20m[38;2;252;233;203m▀[0m[38;2;39;34;27m▀[38;2;33;30;25m▀[0m    [48;2;251;232;200m[38;2;227;205;179m▀[48;2;227;210;185m[38;2;151;130;107m▀[38;2;251;232;200m▀[48;2;253;232;201m[38;2;197;180;159m▀[0m            [0m
                                                                         [38;2;65;57;46m▄[48;2;250;231;204m[38;2;252;233;203m▀[48;2;249;232;205m[38;2;239;219;192m▀[48;2;246;226;202m[38;2;253;232;201m▀▀[0m            [0m
                                                                         [38;2;137;110;85m▀[48;2;56;47;41m[38;2;111;88;68m▀[48;2;148;136;125m[38;2;252;234;203m▀[48;2;31;33;26m[38;2;164;130;95m▀[48;2;31;30;25m[38;2;31;30;25m▀[0m            [0m
