                                                       [38;2;170;147;137m▀[48;2;16;10;8m[38;2;173;149;137m▀[48;2;146;140;128m[38;2;167;151;135m▀[0m                                [0m
                                                       [48;2;19;18;13m[38;2;20;18;13m▀[48;2;22;16;14m[38;2;25;20;14m▀[48;2;44;42;40m[38;2;146;138;120m▀[48;2;43;43;41m[38;2;143;136;119m▀[0m                               [0m
                                                       [38;2;17;20;12m▀[48;2;81;77;73m[38;2;23;18;15m▀[48;2;72;66;54m[38;2;41;38;33m▀[48;2;36;32;23m[38;2;39;38;33m▀[0m                               [0m
                                                        [38;2;32;31;23m▀[48;2;16;26;18m[38;2;135;129;115m▀[0m[38;2;32;31;24m▀[0m                               [0m
                                                         [48;2;134;118;102m[38;2;104;92;86m▀[0m[38;2;250;215;179m▄[38;2;228;194;159m▄[0m                              [0m
                                                         [48;2;252;214;177m[38;2;251;213;176m▀[48;2;252;215;178m[38;2;251;215;178m▀[48;2;252;214;177m[38;2;248;211;175m▀[0m                              [0m
                                                         [48;2;108;92;76m[38;2;254;218;179m▀[48;2;58;44;30m[38;2;252;214;177m▀[48;2;60;57;52m[38;2;198;169;140m▀[0m[38;2;56;54;46m▄[38;2;56;53;47m▄[0m      [38;2;92;92;119m▄[0m                     [0m
                                                        [48;2;58;55;48m[38;2;58;55;48m▀[38;2;57;54;47m▀[48;2;61;49;30m[38;2;36;34;28m▀[48;2;54;51;44m[38;2;59;56;51m▀[48;2;56;53;46m[38;2;56;53;48m▀[48;2;48;46;40m[38;2;56;52;46m▀[0m      [38;2;143;138;169m▀[38;2;118;116;137m▄▄[38;2;146;141;171m▄▀[0m                 [0m
                                                        [38;2;57;54;49m▀[48;2;251;235;205m[38;2;56;53;48m▀[48;2;52;46;37m[38;2;56;53;47m▀[48;2;84;76;67m[38;2;57;54;49m▀[48;2;204;185;163m[38;2;57;54;48m▀[0m[38;2;41;37;29m▀[0m    [38;2;148;143;175m▄[38;2;147;140;174m▄[48;2;148;143;173m[38;2;92;92;119m▀[48;2;148;143;174m▀[48;2;148;141;172m[38;2;150;142;176m▀[48;2;148;143;173m[38;2;142;136;165m▀[0m[38;2;148;143;173m▄[38;2;147;143;171m▄[0m                [0m
                                                         [48;2;251;235;210m[38;2;252;235;209m▀[48;2;251;234;208m[38;2;252;236;211m▀[48;2;252;235;207m[38;2;164;148;129m▀[48;2;253;236;208m[38;2;251;235;207m▀[48;2;174;160;142m[38;2;163;149;130m▀[0m  [48;2;220;196;216m[38;2;146;143;173m▀[48;2;147;139;172m[38;2;144;139;168m▀[48;2;143;141;172m[38;2;146;141;172m▀[48;2;145;140;170m[38;2;146;142;171m▀[48;2;199;183;210m[38;2;146;141;173m▀[48;2;146;140;170m[38;2;146;141;171m▀[48;2;146;141;171m[38;2;147;142;172m▀[48;2;146;139;170m[38;2;147;141;170m▀[48;2;152;146;175m[38;2;123;119;143m▀[48;2;149;142;171m[38;2;148;143;171m▀[48;2;199;184;211m[38;2;148;142;167m▀[0m[38;2;185;166;183m▄[0m              [0m
                                                         [48;2;250;234;208m[38;2;252;235;207m▀[48;2;251;235;206m[38;2;252;235;208m▀[48;2;254;235;209m[38;2;252;235;209m▀[48;2;251;235;209m[38;2;252;235;207m▀[48;2;221;206;185m[38;2;219;203;181m▀[0m [48;2;128;123;153m[38;2;151;137;152m▀[48;2;133;129;157m[38;2;141;126;143m▀[48;2;144;139;167m[38;2;175;164;190m▀[48;2;144;139;169m[38;2;197;183;205m▀[48;2;144;140;167m[38;2;146;141;171m▀[48;2;140;135;165m[38;2;148;139;169m▀[48;2;84;81;100m[38;2;138;134;163m▀[48;2;43;45;48m[38;2;124;121;146m▀[48;2;80;78;95m[38;2;145;141;169m▀[48;2;95;89;115m[38;2;144;139;169m▀[48;2;145;140;170m[38;2;143;138;168m▀[48;2;143;138;169m[38;2;99;95;115m▀[48;2;143;139;169m[38;2;145;139;169m▀[48;2;153;143;169m[38;2;142;136;162m▀[0m             [0m
                                                          [48;2;254;235;208m[38;2;251;235;209m▀[48;2;252;235;209m[38;2;252;235;207m▀[48;2;254;234;209m[38;2;252;235;209m▀[48;2;250;233;205m[38;2;244;227;202m▀[0m [38;2;83;86;124m▀[48;2;70;72;90m[38;2;83;83;104m▀[48;2;142;137;169m[38;2;142;138;166m▀[48;2;79;80;99m[38;2;139;135;170m▀[48;2;113;109;134m[38;2;135;133;163m▀[48;2;241;204;170m[38;2;69;66;86m▀[48;2;40;33;23m[38;2;64;57;58m▀[48;2;9;10;10m[38;2;218;180;155m▀[48;2;145;141;168m[38;2;97;93;117m▀[48;2;143;138;168m[38;2;134;130;158m▀[48;2;141;138;169m[38;2;142;136;166m▀[48;2;127;122;147m[38;2;143;139;168m▀[48;2;131;129;157m[38;2;52;52;68m▀[48;2;102;101;126m[38;2;139;133;164m▀[48;2;141;136;167m[38;2;141;132;154m▀[0m[38;2;138;133;163m▄[0m           [0m
                                                          [38;2;250;233;208m▀[48;2;252;235;207m[38;2;253;234;208m▀[48;2;251;234;208m[38;2;251;235;207m▀[48;2;251;231;204m[38;2;249;232;206m▀[0m[38;2;227;211;187m▄[0m [38;2;121;118;150m▀[48;2;140;133;165m[38;2;139;134;165m▀[48;2;128;129;181m[38;2;83;86;124m▀[48;2;250;221;191m[38;2;160;134;108m▀[48;2;251;212;174m[38;2;252;211;177m▀[48;2;128;129;181m[38;2;128;129;181m▀[48;2;250;221;191m[38;2;250;221;191m▀[48;2;81;73;97m[38;2;90;81;110m▀[48;2;139;132;163m[38;2;103;100;122m▀[48;2;139;136;166m[38;2;141;136;168m▀[48;2;121;93;75m[38;2;92;91;110m▀[48;2;83;66;68m[38;2;136;131;162m▀[48;2;68;67;89m[38;2;135;129;162m▀[48;2;35;37;36m[38;2;109;106;134m▀[48;2;131;127;155m[38;2;76;73;92m▀[0m           [0m
                                                           [48;2;217;204;182m[38;2;252;235;209m▀[48;2;242;223;199m[38;2;149;131;111m▀[48;2;252;234;209m[38;2;251;234;208m▀[48;2;249;230;203m[38;2;254;235;206m▀[48;2;132;121;103m[38;2;107;87;55m▀[48;2;186;150;107m[38;2;197;152;106m▀[0m [48;2;220;186;156m[38;2;252;214;174m▀[48;2;250;210;173m[38;2;252;213;174m▀[38;2;251;212;173m▀[38;2;250;210;174m▀[48;2;183;162;136m[38;2;251;211;174m▀[48;2;247;226;195m[38;2;252;231;200m▀[48;2;43;33;21m[38;2;252;229;198m▀[48;2;55;45;35m[38;2;107;105;131m▀[48;2;51;48;69m[38;2;168;128;108m▀[48;2;138;133;165m[38;2;103;100;126m▀[48;2;127;123;149m[38;2;132;128;153m▀[48;2;131;130;158m[38;2;79;78;102m▀[48;2;96;101;122m[38;2;135;130;161m▀[48;2;115;116;134m[38;2;115;106;126m▀[0m          [0m
                                                           [48;2;68;62;46m[38;2;133;122;107m▀[48;2;108;115;97m[38;2;229;213;190m▀[48;2;253;236;210m[38;2;196;180;155m▀[48;2;196;176;151m[38;2;215;195;170m▀[48;2;37;33;22m[38;2;54;48;34m▀[48;2;156;125;73m[38;2;126;97;60m▀[48;2;128;103;78m[38;2;182;149;104m▀[48;2;134;105;66m[38;2;33;24;17m▀[48;2;193;169;144m[38;2;248;229;203m▀[48;2;116;86;68m[38;2;252;212;176m▀[48;2;205;152;121m[38;2;252;213;174m▀[48;2;204;153;122m[38;2;251;212;173m▀[48;2;203;152;121m[38;2;184;140;112m▀[48;2;187;141;113m[38;2;203;151;124m▀[48;2;151;139;127m[38;2;132;127;159m▀[48;2;106;98;117m[38;2;132;125;157m▀[48;2;94;88;117m[38;2;125;113;115m▀[48;2;248;225;196m[38;2;126;122;149m▀[48;2;77;72;100m[38;2;131;126;156m▀[48;2;124;119;149m[38;2;93;98;120m▀[0m           [0m
                                                           [38;2;38;40;24m▀[48;2;221;210;192m[38;2;149;140;118m▀[0m [48;2;51;37;15m[38;2;197;177;156m▀[48;2;24;30;26m[38;2;32;33;18m▀[48;2;132;104;70m[38;2;169;135;96m▀[48;2;167;134;95m[38;2;50;42;24m▀[48;2;125;91;53m[38;2;189;152;103m▀[48;2;77;64;46m[38;2;97;78;48m▀[48;2;193;176;156m[38;2;133;120;109m▀[48;2;249;231;209m[38;2;205;154;127m▀[48;2;173;154;129m[38;2;179;136;109m▀[48;2;198;176;153m[38;2;136;104;83m▀[48;2;226;210;184m[38;2;69;58;45m▀[48;2;168;136;104m[38;2;239;220;199m▀[48;2;191;148;103m[38;2;109;95;71m▀[48;2;192;148;99m[38;2;183;149;93m▀[48;2;175;143;101m[38;2;57;52;43m▀[48;2;210;196;176m[38;2;205;187;165m▀[48;2;73;68;100m[38;2;67;64;87m▀[48;2;78;73;101m[38;2;111;106;134m▀[0m[38;2;117;113;143m▄[0m         [0m
                                                            [48;2;242;223;201m[38;2;239;222;202m▀[0m [48;2;102;78;51m[38;2;99;76;50m▀[48;2;91;84;72m[38;2;28;28;25m▀[48;2;232;215;191m[38;2;159;141;124m▀[48;2;193;150;100m[38;2;189;150;103m▀[48;2;186;148;101m[38;2;189;150;104m▀[48;2;45;37;22m[38;2;153;136;118m▀[48;2;249;227;197m[38;2;247;231;214m▀[48;2;238;217;194m[38;2;241;226;207m▀[48;2;237;220;197m[38;2;179;162;146m▀[48;2;73;62;52m[38;2;238;216;195m▀[48;2;188;147;97m[38;2;77;66;48m▀[48;2;193;151;102m[38;2;139;112;73m▀[48;2;125;103;59m[38;2;190;151;106m▀[48;2;159;125;85m[38;2;167;133;98m▀[48;2;194;147;101m[38;2;133;99;61m▀[48;2;36;57;41m[38;2;41;60;47m▀[48;2;92;86;58m[38;2;124;120;150m▀[48;2;62;59;68m[38;2;122;119;150m▀[48;2;103;98;130m[38;2;98;96;117m▀[48;2;69;64;93m[38;2;107;102;126m▀[0m[38;2;123;118;151m▄[0m       [0m
                                                            [48;2;160;139;118m[38;2;196;174;151m▀[0m [48;2;67;63;50m[38;2;95;73;49m▀[48;2;252;229;198m[38;2;211;191;167m▀[48;2;241;220;192m[38;2;246;225;199m▀[48;2;194;150;100m[38;2;193;150;102m▀[48;2;236;215;188m[38;2;82;55;38m▀[48;2;166;149;128m[38;2;247;225;201m▀[48;2;177;159;141m[38;2;249;228;201m▀[48;2;187;169;154m[38;2;250;227;196m▀[48;2;186;171;150m[38;2;50;42;34m▀[48;2;49;40;24m[38;2;36;34;28m▀[48;2;122;90;58m[38;2;191;151;101m▀[48;2;184;146;103m[38;2;191;148;99m▀[48;2;192;148;102m[38;2;192;147;105m▀[48;2;193;150;103m[38;2;147;113;68m▀[48;2;192;149;102m[38;2;191;149;103m▀[48;2;191;147;100m[38;2;153;120;76m▀[48;2;189;148;104m[38;2;58;45;29m▀[48;2;39;26;7m[38;2;65;63;38m▀[48;2;46;40;31m[38;2;115;109;139m▀[48;2;209;196;171m[38;2;120;115;147m▀[0m[38;2;119;116;147m▀[48;2;121;118;145m[38;2;75;75;98m▀[48;2;117;114;145m[38;2;91;85;97m▀[0m[38;2;109;107;132m▄[38;2;117;114;147m▄[0m   [0m
                                                            [48;2;151;132;118m[38;2;158;135;119m▀[0m  [48;2;233;215;193m[38;2;248;228;197m▀[48;2;244;224;196m[38;2;235;215;187m▀[48;2;190;146;97m[38;2;192;149;99m▀[48;2;190;177;160m[38;2;52;44;26m▀[48;2;228;211;184m[38;2;248;228;195m▀[48;2;250;228;197m[38;2;248;227;196m▀[48;2;249;228;197m[38;2;246;227;196m▀[48;2;38;40;29m[38;2;144;127;104m▀[48;2;170;138;99m[38;2;53;40;20m▀[48;2;191;148;100m[38;2;189;147;100m▀[48;2;192;148;101m[38;2;191;149;101m▀[48;2;189;148;100m▀[48;2;190;148;100m[38;2;194;149;102m▀[48;2;192;148;101m[38;2;192;148;102m▀[48;2;125;103;79m[38;2;192;148;101m▀[48;2;221;204;178m[38;2;32;29;28m▀[48;2;248;227;196m[38;2;241;223;192m▀[48;2;127;98;58m[38;2;248;227;195m▀[48;2;127;99;62m[38;2;132;115;93m▀[48;2;79;60;38m[38;2;188;167;141m▀[0m[38;2;189;142;92m▄[38;2;187;149;100m▄[38;2;190;148;100m▄[48;2;190;146;97m[38;2;102;102;134m▀[48;2;191;147;98m[38;2;115;111;142m▀[48;2;105;85;55m[38;2;99;96;121m▀[48;2;89;87;103m[38;2;110;110;140m▀[0m
                                                            [48;2;67;75;66m[38;2;107;103;92m▀[0m  [38;2;82;64;44m▀[48;2;92;84;71m[38;2;234;215;192m▀[48;2;43;37;22m[38;2;190;147;101m▀[48;2;247;226;195m[38;2;237;221;198m▀[48;2;65;63;55m[38;2;55;45;32m▀[48;2;97;98;93m[38;2;98;98;96m▀[48;2;96;96;92m[38;2;121;109;96m▀[48;2;247;226;194m[38;2;243;225;198m▀[48;2;60;47;29m[38;2;102;77;48m▀[48;2;189;146;99m[38;2;190;148;100m▀[48;2;191;147;100m[38;2;191;149;101m▀[48;2;190;147;100m[38;2;190;148;100m▀[48;2;192;150;100m▀[48;2;36;37;31m[38;2;194;150;101m▀[48;2;251;228;195m[38;2;68;59;49m▀[48;2;137;119;92m[38;2;250;227;195m▀[48;2;129;97;62m[38;2;106;86;55m▀[48;2;84;62;37m[38;2;151;120;80m▀[48;2;178;140;97m[38;2;190;147;97m▀[48;2;191;149;101m[38;2;190;148;100m▀[48;2;190;147;102m[38;2;187;147;98m▀[48;2;189;147;98m[38;2;186;144;100m▀[48;2;191;151;101m[38;2;136;111;77m▀[48;2;185;146;98m[38;2;132;101;62m▀[48;2;117;89;53m[38;2;190;147;99m▀[48;2;161;128;86m[38;2;191;149;101m▀[48;2;190;148;102m[38;2;189;147;99m▀[0m
                                                             [48;2;207;195;174m[38;2;143;137;121m▀[0m  [48;2;34;36;20m[38;2;95;74;47m▀[48;2;86;71;50m[38;2;239;218;192m▀[48;2;86;70;44m[38;2;218;203;182m▀[48;2;62;47;32m[38;2;73;68;61m▀[48;2;96;73;45m[38;2;97;96;94m▀[48;2;101;97;94m[38;2;98;97;93m▀[48;2;163;150;135m[38;2;251;225;195m▀[48;2;224;208;184m[38;2;37;30;24m▀[48;2;192;149;103m[38;2;192;148;99m▀[48;2;190;146;99m[38;2;190;148;100m▀[48;2;29;22;16m[38;2;191;149;101m▀[48;2;248;228;195m[38;2;27;26;23m▀[48;2;250;230;197m[38;2;251;227;194m▀[48;2;16;17;12m[38;2;246;226;199m▀[48;2;68;53;36m[38;2;190;148;100m▀[48;2;73;57;36m[38;2;189;148;102m▀[48;2;82;60;35m[38;2;191;149;101m▀[48;2;105;83;59m[38;2;168;133;94m▀[48;2;111;89;60m[38;2;100;78;42m▀[48;2;117;95;67m[38;2;182;145;99m▀[48;2;137;110;73m[38;2;189;147;99m▀[48;2;144;117;81m[38;2;190;148;100m▀[48;2;144;117;79m[38;2;188;146;96m▀[48;2;143;116;78m[38;2;190;148;100m▀[48;2;136;109;73m[38;2;190;147;100m▀[48;2;144;120;84m[38;2;189;146;98m▀[0m
                                                             [48;2;229;209;185m[38;2;236;217;196m▀[0m   [38;2;232;212;187m▀[48;2;35;44;44m[38;2;64;69;69m▀[48;2;45;43;38m[38;2;46;42;35m▀[48;2;51;48;43m[38;2;95;91;87m▀[48;2;33;29;26m[38;2;81;78;75m▀[48;2;26;26;34m[38;2;33;30;24m▀[48;2;233;214;189m[38;2;251;228;196m▀[48;2;245;224;198m[38;2;29;26;20m▀[48;2;249;226;194m[38;2;42;38;32m▀[48;2;246;227;195m[38;2;249;227;197m▀[48;2;91;74;49m[38;2;250;225;195m▀[48;2;87;70;47m[38;2;184;162;139m▀[48;2;192;171;151m[38;2;249;225;196m▀[48;2;160;139;120m[38;2;250;227;193m▀[48;2;115;94;74m[38;2;251;228;196m▀[48;2;171;154;134m[38;2;249;228;193m▀[48;2;202;185;166m[38;2;249;227;193m▀[48;2;234;215;191m▀[48;2;240;221;197m[38;2;248;228;195m▀[48;2;247;228;196m[38;2;249;229;195m▀[48;2;248;228;192m[38;2;249;228;196m▀[48;2;250;226;198m[38;2;250;227;195m▀[48;2;251;228;194m[38;2;247;227;195m▀[48;2;250;227;196m[38;2;246;228;195m▀[48;2;249;228;195m[38;2;248;229;196m▀[0m
                                                             [48;2;157;136;121m[38;2;179;159;140m▀[0m   [48;2;73;77;81m[38;2;29;30;18m▀[48;2;92;90;87m[38;2;76;76;87m▀[48;2;96;95;91m[38;2;96;95;91m▀[48;2;99;95;92m▀[48;2;98;94;91m[38;2;48;47;42m▀[48;2;43;42;36m[38;2;130;143;178m▀[48;2;34;35;30m[38;2;88;81;67m▀[48;2;252;228;201m[38;2;248;227;198m▀[48;2;195;171;146m[38;2;226;209;182m▀[48;2;157;140;126m[38;2;194;172;154m▀[48;2;90;70;44m[38;2;94;74;49m▀[48;2;93;73;48m▀[48;2;162;143;121m[38;2;196;173;151m▀[48;2;192;171;149m[38;2;187;167;146m▀[48;2;194;173;149m[38;2;193;173;148m▀[48;2;194;173;150m[38;2;193;173;149m▀[48;2;56;40;19m[38;2;92;72;47m▀[48;2;72;56;36m[38;2;94;74;49m▀[48;2;93;73;49m[38;2;91;71;46m▀[48;2;91;71;47m[38;2;94;74;49m▀[48;2;93;73;48m[38;2;93;73;48m▀[48;2;90;70;45m[38;2;92;72;47m▀[48;2;93;73;48m[38;2;94;74;49m▀[48;2;94;74;49m[38;2;93;71;47m▀[48;2;94;74;48m[38;2;93;74;48m▀[0m
                                                             [48;2;123;112;96m[38;2;151;133;119m▀[0m  [38;2;244;224;194m▄[48;2;250;227;193m[38;2;250;225;197m▀[48;2;248;228;195m[38;2;95;93;94m▀[48;2;65;59;51m[38;2;98;97;93m▀[48;2;98;94;91m[38;2;96;95;92m▀[48;2;96;95;93m[38;2;98;94;91m▀[48;2;127;143;172m[38;2;131;145;177m▀[48;2;31;38;49m[38;2;41;37;34m▀[48;2;212;191;162m[38;2;34;34;32m▀[48;2;225;205;180m[38;2;26;22;19m▀[48;2;165;147;123m[38;2;92;72;47m▀[48;2;90;73;47m[38;2;93;73;49m▀[48;2;90;70;46m[38;2;92;72;47m▀[48;2;68;56;35m[38;2;107;94;74m▀[48;2;214;192;168m[38;2;128;110;90m▀[48;2;162;144;122m[38;2;253;232;203m▀[48;2;251;231;204m[38;2;253;232;202m▀[48;2;252;233;205m[38;2;197;179;157m▀[48;2;92;72;47m[38;2;91;71;45m▀[48;2;93;73;48m[38;2;92;72;48m▀[48;2;92;72;47m[38;2;92;72;47m▀[48;2;90;70;43m▀[48;2;92;72;47m[38;2;93;72;48m▀[38;2;90;73;47m▀[48;2;92;72;45m[38;2;91;71;46m▀[48;2;92;72;47m[38;2;94;74;47m▀[0m
                                                             [38;2;60;57;36m▀[38;2;45;50;27m▄[0m [48;2;187;145;99m[38;2;32;35;25m▀[48;2;165;132;90m[38;2;220;202;175m▀[48;2;41;37;34m[38;2;247;227;194m▀[48;2;250;227;195m[38;2;249;226;194m▀[38;2;248;223;191m▀[48;2;249;227;195m[38;2;137;109;69m▀[48;2;86;84;79m[38;2;120;97;63m▀[48;2;129;143;174m[38;2;106;83;49m▀[48;2;42;42;36m[38;2;165;153;135m▀[48;2;252;233;203m[38;2;251;233;203m▀[48;2;253;234;204m[38;2;185;168;147m▀[48;2;244;221;195m[38;2;196;173;149m▀[48;2;177;161;143m[38;2;77;60;39m▀[48;2;92;74;52m[38;2;93;74;48m▀[48;2;252;233;203m[38;2;252;233;201m▀[48;2;253;234;204m[38;2;252;233;205m▀[48;2;250;233;203m[38;2;151;135;112m▀[48;2;234;218;193m[38;2;252;232;204m▀[48;2;76;58;41m[38;2;90;71;46m▀[48;2;91;71;46m[38;2;92;72;47m▀[48;2;92;72;47m[38;2;93;73;48m▀[48;2;93;73;48m[38;2;92;72;47m▀[48;2;90;70;45m▀[48;2;91;71;47m▀[48;2;92;72;48m▀[48;2;91;71;46m[38;2;91;71;46m▀[0m
                                                              [48;2;187;173;153m[38;2;119;112;84m▀[48;2;169;133;96m[38;2;33;34;2m▀[48;2;189;147;96m[38;2;183;144;98m▀[48;2;187;145;96m[38;2;188;146;98m▀[48;2;188;147;98m[38;2;191;147;98m▀[38;2;39;34;27m▀[48;2;35;29;19m[38;2;247;221;196m▀[48;2;221;201;179m[38;2;250;227;195m▀[48;2;249;226;192m[38;2;249;226;192m▀[48;2;245;226;187m[38;2;130;142;174m▀[48;2;118;130;156m[38;2;39;38;36m▀[48;2;251;234;204m[38;2;253;233;204m▀[48;2;253;234;204m[38;2;252;233;203m▀[48;2;254;233;205m▀[48;2;252;233;203m[38;2;199;177;153m▀[48;2;193;170;147m[38;2;69;53;34m▀[48;2;252;232;203m[38;2;253;234;204m▀▀[48;2;253;233;203m[38;2;252;233;203m▀[48;2;252;233;202m[38;2;248;231;203m▀[48;2;247;229;202m[38;2;230;213;191m▀[48;2;91;71;46m[38;2;91;71;46m▀[48;2;94;74;49m[38;2;92;72;47m▀[48;2;92;72;47m[38;2;91;71;46m▀[48;2;91;71;46m[38;2;92;72;47m▀[48;2;92;72;47m[38;2;94;74;49m▀[48;2;90;70;45m[38;2;91;71;46m▀[48;2;92;71;46m▀[0m
                                                              [48;2;73;65;54m[38;2;228;211;189m▀[48;2;124;95;63m[38;2;119;88;53m▀[48;2;61;45;22m[38;2;189;147;99m▀[48;2;121;93;59m▀[48;2;126;97;55m[38;2;190;146;97m▀[48;2;131;99;58m[38;2;189;147;99m▀[48;2;152;117;75m▀[48;2;184;146;99m[38;2;76;58;37m▀[48;2;98;80;52m[38;2;199;184;160m▀[48;2;229;209;182m[38;2;249;226;194m▀[48;2;250;227;195m[38;2;250;227;195m▀[38;2;150;142;128m▀[48;2;252;233;203m[38;2;252;231;202m▀[38;2;253;234;204m▀[48;2;253;234;204m▀[48;2;252;233;203m[38;2;253;232;201m▀[48;2;163;143;118m[38;2;229;212;186m▀[48;2;250;230;205m[38;2;253;234;204m▀[48;2;52;44;32m[38;2;252;233;203m▀[48;2;49;48;43m▀[48;2;48;45;40m[38;2;196;176;149m▀[48;2;24;23;19m[38;2;88;70;46m▀[48;2;62;49;33m[38;2;92;72;47m▀[48;2;92;72;47m[38;2;91;71;46m▀[48;2;93;73;48m[38;2;93;73;48m▀[48;2;90;70;45m[38;2;93;73;46m▀[48;2;91;71;46m[38;2;95;74;49m▀[48;2;93;72;48m[38;2;90;70;45m▀[0m
                                                              [48;2;86;79;68m[38;2;102;89;79m▀[48;2;158;123;82m[38;2;186;144;96m▀[48;2;123;93;59m[38;2;189;146;98m▀[48;2;188;144;98m[38;2;190;148;97m▀[48;2;190;146;97m[38;2;181;139;94m▀[38;2;137;111;75m▀[48;2;188;144;95m[38;2;87;73;41m▀[48;2;189;147;99m[38;2;149;114;72m▀[48;2;188;144;95m[38;2;187;144;95m▀[48;2;186;145;95m[38;2;39;30;13m▀[48;2;35;34;27m[38;2;244;225;195m▀[48;2;251;227;195m[38;2;248;225;193m▀[48;2;248;228;195m[38;2;247;227;194m▀[48;2;229;209;186m[38;2;253;232;205m▀[48;2;252;233;202m[38;2;252;232;203m▀[48;2;252;233;203m[38;2;253;233;204m▀[48;2;94;84;72m[38;2;47;46;38m▀[48;2;50;47;40m[38;2;49;46;41m▀[48;2;47;44;39m[38;2;48;44;39m▀[48;2;44;43;38m[38;2;48;44;40m▀[48;2;49;46;41m[38;2;49;46;41m▀[48;2;44;43;38m[38;2;23;24;19m▀[48;2;27;24;19m[38;2;74;58;41m▀[48;2;43;36;23m[38;2;90;71;46m▀[48;2;93;71;47m[38;2;92;72;47m▀[48;2;91;71;46m[38;2;91;71;46m▀[48;2;90;70;45m[38;2;93;73;48m▀[48;2;89;68;44m▀[0m
                                                               [48;2;207;195;174m[38;2;143;137;121m▀[48;2;187;143;96m[38;2;189;145;98m▀[48;2;187;144;97m[38;2;188;145;97m▀[48;2;188;144;97m[38;2;189;145;98m▀[48;2;189;145;98m[38;2;190;146;97m▀[48;2;148;120;85m[38;2;188;146;98m▀[48;2;189;144;94m[38;2;189;145;96m▀[48;2;189;145;98m▀[38;2;187;145;95m▀[48;2;187;145;95m[38;2;186;144;94m▀[48;2;165;132;97m[38;2;34;34;30m▀[48;2;209;194;170m[38;2;249;226;192m▀[48;2;249;226;194m[38;2;250;227;195m▀[48;2;248;225;193m[38;2;151;130;111m▀[48;2;252;230;200m[38;2;251;231;204m▀[48;2;253;234;206m[38;2;211;195;180m▀[48;2;48;39;28m[38;2;50;47;40m▀[48;2;243;196;162m[38;2;49;46;41m▀[48;2;198;145;113m[38;2;48;46;41m▀[48;2;199;145;112m▀[48;2;49;45;41m[38;2;46;43;38m▀[48;2;48;43;39m[38;2;38;33;27m▀[48;2;47;42;38m[38;2;66;52;34m▀[48;2;88;70;46m[38;2;91;71;46m▀[48;2;89;69;44m[38;2;93;73;48m▀[48;2;93;73;48m[38;2;89;69;42m▀[48;2;89;68;44m[38;2;93;73;48m▀[0m
                                                               [48;2;229;209;185m[38;2;236;217;196m▀[48;2;147;112;68m[38;2;188;146;100m▀[48;2;115;96;58m[38;2;188;145;97m▀[48;2;191;144;94m[38;2;189;145;96m▀[48;2;187;143;94m[38;2;137;109;78m▀[48;2;188;144;95m[38;2;187;145;95m▀[48;2;189;145;96m[38;2;189;145;96m▀[48;2;186;144;95m▀[48;2;188;144;97m[38;2;189;146;99m▀[48;2;189;147;99m[38;2;187;145;97m▀[48;2;186;144;96m[38;2;188;146;98m▀[48;2;186;146;100m[38;2;35;37;32m▀[48;2;216;196;159m[38;2;251;228;194m▀[48;2;60;55;36m[38;2;249;226;194m▀[48;2;42;43;37m[38;2;244;223;191m▀[48;2;50;47;42m[38;2;48;45;38m▀[48;2;227;191;158m[38;2;247;207;171m▀[48;2;253;209;172m[38;2;252;208;169m▀[48;2;245;201;164m▀[48;2;249;206;172m[38;2;253;208;169m▀[48;2;49;46;41m[38;2;53;49;40m▀[48;2;47;38;21m[38;2;53;46;32m▀[0m[38;2;91;70;46m▀[38;2;93;71;47m▀[38;2;85;65;45m▀[38;2;63;54;33m▀[0m [0m
                                                               [48;2;157;136;121m[38;2;179;159;140m▀[48;2;190;146;99m[38;2;187;146;95m▀[48;2;189;145;96m[38;2;191;145;96m▀[48;2;189;144;96m[38;2;187;145;96m▀[48;2;128;107;71m[38;2;190;146;97m▀[48;2;189;145;97m[38;2;118;93;56m▀[48;2;190;146;99m[38;2;185;142;93m▀[48;2;186;144;92m[38;2;186;145;97m▀[48;2;189;145;96m[38;2;188;144;98m▀[48;2;188;146;98m[38;2;186;144;96m▀[48;2;30;22;13m[38;2;188;144;97m▀[48;2;26;25;20m[38;2;163;149;132m▀[48;2;27;24;19m[38;2;45;45;43m▀[48;2;33;30;25m[38;2;47;44;39m▀[48;2;47;46;41m[38;2;47;45;38m▀[48;2;50;47;40m[38;2;50;47;42m▀[48;2;48;45;40m[38;2;39;31;21m▀[48;2;41;38;34m[38;2;227;192;154m▀[48;2;48;45;40m[38;2;143;126;102m▀[48;2;38;35;29m[38;2;45;40;41m▀[0m       [0m
                                                                [48;2;189;144;99m[38;2;190;146;99m▀[48;2;111;86;52m[38;2;188;145;96m▀[48;2;191;147;100m[38;2;111;86;49m▀[48;2;186;143;94m[38;2;124;91;52m▀[48;2;188;144;97m[38;2;185;142;97m▀[48;2;189;145;98m[38;2;189;146;98m▀[48;2;188;146;98m[38;2;188;144;95m▀[48;2;186;143;96m▀[48;2;28;21;14m[38;2;186;142;97m▀[48;2;26;25;21m[38;2;25;24;20m▀[48;2;28;25;17m[38;2;27;24;19m▀[48;2;24;25;20m[38;2;26;23;18m▀[48;2;83;70;49m[38;2;28;25;20m▀[48;2;26;22;16m[38;2;27;24;19m▀[48;2;26;24;19m[38;2;161;156;134m▀[48;2;40;39;23m[38;2;49;46;39m▀[0m          [0m
                                                                [48;2;133;102;64m[38;2;192;144;91m▀[48;2;187;143;95m[38;2;187;144;94m▀[48;2;189;145;98m[38;2;189;145;98m▀[38;2;188;146;96m▀[48;2;190;146;99m[38;2;188;144;97m▀[48;2;189;145;96m[38;2;190;146;97m▀[48;2;191;145;96m[38;2;188;144;97m▀[48;2;25;24;20m[38;2;77;58;33m▀[48;2;197;146;117m[38;2;27;22;19m▀[48;2;201;146;116m[38;2;203;148;117m▀[48;2;202;147;117m[38;2;21;20;12m▀[48;2;199;146;112m[38;2;34;22;11m▀[0m[38;2;86;69;45m▀[38;2;62;59;25m▀[0m            [0m
                                                                [38;2;126;95;59m▀[48;2;190;145;97m[38;2;188;145;95m▀[48;2;188;146;98m[38;2;188;146;98m▀[48;2;187;145;95m[38;2;186;144;96m▀[48;2;187;145;97m[38;2;189;145;98m▀[48;2;188;146;98m[38;2;189;145;97m▀[48;2;89;70;45m[38;2;53;43;21m▀[48;2;90;70;45m[38;2;93;72;48m▀[48;2;203;146;116m[38;2;202;148;120m▀[48;2;201;145;115m[38;2;201;146;116m▀[48;2;201;146;115m[38;2;202;145;115m▀[48;2;201;144;114m[38;2;202;147;115m▀[0m              [0m
                                                                 [48;2;188;143;95m[38;2;189;146;98m▀[48;2;188;144;97m[38;2;188;145;95m▀[48;2;190;145;98m[38;2;188;144;97m▀[48;2;188;144;96m[38;2;189;145;98m▀[0m[38;2;179;143;95m▀[38;2;89;69;45m▀[0m [48;2;192;149;121m[38;2;194;148;119m▀[48;2;250;203;167m[38;2;200;147;115m▀[48;2;251;208;166m[38;2;202;145;115m▀[48;2;251;207;166m[38;2;200;145;115m▀[0m              [0m
                                                                 [38;2;185;146;99m▀[48;2;188;144;95m[38;2;187;143;96m▀[48;2;187;143;96m[38;2;189;145;98m▀[48;2;145;103;77m[38;2;186;144;97m▀[0m    [48;2;252;208;169m[38;2;252;208;169m▀[48;2;251;207;168m[38;2;252;207;166m▀[48;2;252;207;168m[38;2;250;207;165m▀[0m              [0m
                                                                  [48;2;182;144;95m[38;2;187;143;101m▀[48;2;249;206;170m[38;2;181;140;96m▀[48;2;251;207;168m[38;2;251;207;168m▀[0m    [48;2;243;203;167m[38;2;250;206;167m▀[48;2;250;209;170m[38;2;251;208;169m▀[48;2;252;209;166m[38;2;252;209;171m▀[48;2;251;209;166m[38;2;173;146;112m▀[0m             [0m
                                                                  [48;2;243;203;167m[38;2;213;178;144m▀[48;2;251;209;167m[38;2;252;208;169m▀[48;2;252;208;168m[38;2;252;209;167m▀[48;2;189;162;132m[38;2;107;92;63m▀[0m   [48;2;250;209;170m[38;2;250;209;170m▀[48;2;235;200;168m[38;2;251;207;168m▀[48;2;49;46;36m▀[48;2;19;21;16m▀[0m[38;2;193;166;144m▄[0m            [0m
                                                                  [48;2;46;45;40m[38;2;251;208;166m▀[48;2;47;44;39m[38;2;251;208;168m▀[48;2;46;45;41m[38;2;252;208;168m▀[48;2;77;67;58m[38;2;253;210;173m▀[48;2;251;231;199m[38;2;175;161;144m▀[0m  [48;2;45;41;34m[38;2;45;41;34m▀[48;2;46;44;39m[38;2;48;45;40m▀[48;2;44;41;36m[38;2;51;48;43m▀[48;2;47;44;37m[38;2;48;45;40m▀[48;2;250;231;201m[38;2;116;104;91m▀[48;2;249;229;202m[38;2;225;208;185m▀[0m           [0m
                                                                 [38;2;135;119;101m▄[48;2;238;222;193m[38;2;239;220;201m▀[48;2;38;35;28m[38;2;44;43;38m▀[48;2;252;231;202m[38;2;37;33;27m▀[48;2;251;232;201m[38;2;252;233;202m▀[48;2;252;233;203m[38;2;254;233;204m▀[0m  [48;2;194;178;156m[38;2;193;169;147m▀[48;2;32;31;26m[38;2;46;45;40m▀[48;2;49;46;40m[38;2;49;46;41m▀[48;2;34;32;26m▀[48;2;254;233;202m[38;2;251;232;202m▀[48;2;110;101;92m[38;2;215;198;172m▀[0m           [0m
                                                                 [48;2;239;220;199m[38;2;166;150;132m▀[48;2;61;46;27m[38;2;244;226;198m▀[48;2;248;226;202m[38;2;125;116;99m▀[48;2;251;232;200m[38;2;252;233;202m▀[38;2;251;232;200m▀[38;2;252;233;203m▀[0m  [48;2;253;231;208m[38;2;253;232;201m▀[48;2;177;155;137m[38;2;203;189;168m▀[48;2;251;232;200m[38;2;50;47;40m▀[48;2;136;120;102m[38;2;96;90;80m▀[48;2;251;232;200m[38;2;252;233;201m▀[48;2;182;165;139m[38;2;89;79;67m▀[0m           [0m
                                                                  [48;2;86;69;49m[38;2;52;38;20m▀[48;2;251;232;203m[38;2;251;232;203m▀[48;2;252;231;201m[38;2;252;232;205m▀[48;2;251;232;200m[38;2;251;232;200m▀▀[0m   [48;2;251;232;200m[38;2;251;232;200m▀[48;2;94;84;69m[38;2;106;93;77m▀[48;2;251;232;200m[38;2;251;232;200m▀[48;2;250;224;191m[38;2;251;225;195m▀[0m            [0m
                                                                  [48;2;220;204;180m[38;2;184;166;145m▀[48;2;251;232;202m[38;2;251;232;206m▀[48;2;252;233;202m[38;2;252;232;201m▀[48;2;254;233;202m[38;2;253;233;204m▀[48;2;249;229;200m[38;2;251;232;200m▀[0m   [48;2;251;232;200m[38;2;251;232;200m▀[48;2;160;143;120m[38;2;147;129;107m▀[48;2;251;232;200m[38;2;251;232;200m▀[48;2;248;227;194m[38;2;247;226;193m▀[0m            [0m
                                                                 [48;2;252;232;205m[38;2;201;182;171m▀[48;2;251;232;202m[38;2;250;231;202m▀[38;2;252;233;201m▀[48;2;252;232;204m[38;2;252;232;202m▀[48;2;61;55;45m[38;2;252;233;203m▀[48;2;37;38;35m[38;2;253;233;202m▀[0m   [48;2;251;232;200m[38;2;251;232;200m▀[48;2;153;135;118m[38;2;89;79;62m▀[48;2;251;232;200m[38;2;251;232;200m▀[48;2;249;227;189m[38;2;248;227;191m▀[0m            [0m
                                                                [48;2;176;138;102m[38;2;192;174;154m▀[48;2;178;137;98m[38;2;252;233;203m▀[48;2;228;209;186m[38;2;252;233;201m▀[48;2;27;27;20m[38;2;252;233;203m▀[0m[38;2;39;34;27m▀[38;2;33;30;25m▀[0m    [48;2;251;232;200m[38;2;227;205;179m▀[48;2;227;210;185m[38;2;151;130;107m▀[38;2;251;232;200m▀[48;2;253;232;201m[38;2;197;180;159m▀[0m            [0m
                                                                         [38;2;65;57;46m▄[48;2;250;231;204m[38;2;252;233;203m▀[48;2;249;232;205m[38;2;239;219;192m▀[48;2;246;226;202m[38;2;253;232;201m▀▀[0m            [0m
                                                                         [38;2;137;110;85m▀[48;2;56;47;41m[38;2;111;88;68m▀[48;2;148;136;125m[38;2;252;234;203m▀[48;2;31;33;26m[38;2;164;130;95m▀[48;2;31;30;25m[38;2;31;30;25m▀[0m            [0m
