                                                                                          [0m
                                                                                          [0m
                                                                                          [0m
                                                                                          [0m
                                                                                          [0m
                                                                                          [0m
                                                                                          [0m
                                                                [38;2;92;92;119m▄▀[38;2;143;138;169m▀[38;2;118;116;137m▄[0m                      [0m
                                                                [38;2;148;143;175m▄[38;2;147;140;174m▄[48;2;148;143;173m[38;2;92;92;119m▀[48;2;148;143;174m▀[48;2;148;141;172m[38;2;150;142;176m▀[48;2;148;143;173m[38;2;142;136;165m▀[0m[38;2;148;143;173m▄[38;2;147;143;171m▄[0m                  [0m
                                                              [48;2;220;196;216m[38;2;146;143;173m▀[48;2;147;139;172m[38;2;144;139;168m▀[48;2;143;141;172m[38;2;146;141;172m▀[48;2;145;140;170m[38;2;146;142;171m▀[48;2;199;183;210m[38;2;146;141;173m▀[48;2;146;140;170m[38;2;146;141;171m▀[48;2;146;141;171m[38;2;147;142;172m▀[48;2;146;139;170m[38;2;147;141;170m▀[48;2;152;146;175m[38;2;123;119;143m▀[48;2;149;142;171m[38;2;148;143;171m▀[48;2;199;184;211m[38;2;148;142;167m▀[0m[38;2;185;166;183m▄[0m                [0m
                                                             [48;2;128;123;153m[38;2;151;137;152m▀[48;2;133;129;157m[38;2;141;126;143m▀[48;2;144;139;167m[38;2;175;164;190m▀[48;2;144;139;169m[38;2;197;183;205m▀[48;2;144;140;167m[38;2;146;141;171m▀[48;2;140;135;165m[38;2;148;139;169m▀[48;2;84;81;100m[38;2;138;134;163m▀[48;2;43;45;48m[38;2;124;121;146m▀[48;2;80;78;95m[38;2;145;141;169m▀[48;2;95;89;115m[38;2;144;139;169m▀[48;2;145;140;170m[38;2;143;138;168m▀[48;2;143;138;169m[38;2;99;95;115m▀[48;2;143;139;169m[38;2;145;139;169m▀[0m                [0m
                                                             [38;2;83;86;124m▀[48;2;70;72;90m[38;2;83;83;104m▀[48;2;142;137;169m[38;2;142;138;166m▀[48;2;79;80;99m[38;2;139;135;170m▀[48;2;113;109;134m[38;2;135;133;163m▀[48;2;241;204;170m[38;2;69;66;86m▀[48;2;40;33;23m[38;2;64;57;58m▀[48;2;9;10;10m[38;2;218;180;155m▀[48;2;145;141;168m[38;2;97;93;117m▀[48;2;143;138;168m[38;2;134;130;158m▀[48;2;141;138;169m[38;2;142;136;166m▀[48;2;127;122;147m[38;2;143;139;168m▀[48;2;131;129;157m[38;2;52;52;68m▀[48;2;102;101;126m[38;2;139;133;164m▀[0m               [0m
                                                              [38;2;121;118;150m▀[48;2;140;133;165m[38;2;139;134;165m▀[48;2;128;129;181m[38;2;83;86;124m▀[48;2;250;221;191m[38;2;160;134;108m▀[48;2;251;212;174m[38;2;252;211;177m▀[48;2;128;129;181m[38;2;128;129;181m▀[48;2;250;221;191m[38;2;250;221;191m▀[48;2;81;73;97m[38;2;90;81;110m▀[48;2;139;132;163m[38;2;103;100;122m▀[48;2;139;136;166m[38;2;141;136;168m▀[48;2;121;93;75m[38;2;92;91;110m▀[48;2;83;66;68m[38;2;136;131;162m▀[48;2;68;67;89m[38;2;135;129;162m▀[48;2;35;37;36m[38;2;109;106;134m▀[0m              [0m
          [38;2;247;252;244m▄[38;2;238;246;241m▄[48;2;174;197;203m[38;2;140;162;175m▀[48;2;140;160;168m[38;2;145;167;181m▀[48;2;146;168;181m[38;2;128;150;161m▀[0m[38;2;197;223;221m▄[0m                                                [48;2;220;186;156m[38;2;252;214;174m▀[48;2;250;210;173m[38;2;252;213;174m▀[38;2;251;212;173m▀[38;2;250;210;174m▀[48;2;183;162;136m[38;2;251;211;174m▀[48;2;247;226;195m[38;2;252;231;200m▀[48;2;43;33;21m[38;2;252;229;198m▀[48;2;55;45;35m[38;2;107;105;131m▀[48;2;51;48;69m[38;2;168;128;108m▀[48;2;138;133;165m[38;2;103;100;126m▀[48;2;127;123;149m[38;2;132;128;153m▀[48;2;131;130;158m[38;2;79;78;102m▀[0m[38;2;96;101;122m▄[0m             [0m
         [38;2;199;218;222m▄[48;2;142;158;171m[38;2;200;217;227m▀[48;2;124;140;154m[38;2;144;161;172m▀[48;2;101;120;135m[38;2;75;94;108m▀[48;2;86;112;127m[38;2;79;99;110m▀[48;2;91;119;140m[38;2;92;115;129m▀[0m [38;2;164;201;208m▄[48;2;161;193;195m[38;2;166;202;197m▀[0m[38;2;144;177;175m▄[0m                                      [38;2;222;199;173m▄[38;2;24;24;20m▄[38;2;68;54;29m▄[38;2;95;78;52m▄[38;2;192;150;99m▄[38;2;192;148;102m▄[38;2;190;149;105m▄[48;2;90;73;48m[38;2;70;56;39m▀[48;2;134;119;103m[38;2;97;77;51m▀[48;2;176;134;115m[38;2;206;152;121m▀[48;2;186;164;143m[38;2;250;210;173m▀[48;2;127;110;96m[38;2;198;176;153m▀[48;2;38;38;37m[38;2;213;197;169m▀[48;2;188;147;99m[38;2;194;152;104m▀[48;2;181;144;100m[38;2;193;149;104m▀[48;2;176;141;99m[38;2;36;34;41m▀[48;2;75;69;97m[38;2;79;71;100m▀[48;2;81;74;102m[38;2;136;131;163m▀[48;2;95;89;117m[38;2;78;77;95m▀[48;2;126;125;153m[38;2;36;41;17m▀[0m[38;2;66;70;83m▄[0m            [0m
     [38;2;109;132;148m▄[38;2;74;100;112m▄[48;2;71;95;107m[38;2;160;178;184m▀[48;2;70;93;109m[38;2;85;106;123m▀[48;2;63;90;102m[38;2;81;101;112m▀[48;2;65;88;103m[38;2;89;109;120m▀[48;2;60;83;97m[38;2;78;96;108m▀[48;2;91;118;138m[38;2;64;86;101m▀[48;2;87;114;135m[38;2;90;118;139m▀[48;2;87;114;131m[38;2;89;117;138m▀[48;2;113;150;156m[38;2;103;143;153m▀[48;2;116;157;165m[38;2;147;178;193m▀[48;2;104;136;155m[38;2;132;165;177m▀[0m                  [38;2;54;57;39m▄[0m         [38;2;54;50;44m▄[38;2;51;48;42m▄[38;2;52;49;42m▄[38;2;53;50;45m▄[38;2;252;235;207m▄▄[38;2;254;235;208m▄[38;2;253;234;208m▄[38;2;250;232;205m▄[38;2;131;114;93m▄[48;2;115;102;85m[38;2;176;157;134m▀[48;2;167;154;132m[38;2;202;181;154m▀[48;2;42;35;26m[38;2;52;36;18m▀[48;2;168;133;88m[38;2;65;47;22m▀[48;2;37;34;26m[38;2;103;83;44m▀[48;2;128;102;68m[38;2;166;133;92m▀[48;2;135;103;64m[38;2;192;150;100m▀[48;2;190;150;101m[38;2;189;149;96m▀[48;2;147;119;76m[38;2;70;53;27m▀[48;2;96;75;51m[38;2;82;66;42m▀[48;2;79;71;52m[38;2;207;190;171m▀[48;2;252;232;207m[38;2;151;134;118m▀[48;2;242;223;200m[38;2;250;234;208m▀[48;2;241;224;202m[38;2;245;225;198m▀[48;2;134;125;111m[38;2;78;70;47m▀[48;2;189;149;102m[38;2;190;148;98m▀[48;2;192;150;104m[38;2;192;151;103m▀[48;2;194;150;101m[38;2;191;149;101m▀[48;2;193;148;105m[38;2;117;114;149m▀[48;2;95;93;115m[38;2;41;38;48m▀[48;2;111;109;134m[38;2;57;60;67m▀[48;2;69;63;91m[38;2;132;128;157m▀[48;2;131;128;157m[38;2;98;101;117m▀[0m[38;2;179;158;137m▀[38;2;162;145;125m▀[38;2;154;137;121m▀[38;2;154;138;126m▀[38;2;79;72;62m▀[38;2;73;66;54m▀[0m     [0m
   [38;2;147;177;186m▄[48;2;104;130;147m[38;2;124;150;163m▀[48;2;95;121;136m[38;2;104;132;146m▀[48;2;90;117;136m[38;2;64;92;106m▀[48;2;84;112;133m[38;2;63;89;103m▀[48;2;89;116;135m[38;2;55;82;96m▀[48;2;87;114;133m[38;2;60;86;101m▀[48;2;57;84;101m[38;2;58;86;100m▀[48;2;56;80;98m[38;2;71;99;113m▀[48;2;57;83;98m[38;2;88;115;134m▀[48;2;62;90;104m[38;2;77;104;122m▀[48;2;105;128;146m[38;2;78;104;121m▀[0m  [48;2;128;161;169m[38;2;110;144;155m▀[0m[38;2;114;155;161m▀[0m     [38;2;239;222;193m▄[0m    [38;2;102;151;174m▄[0m    [38;2;47;46;26m▄[48;2;241;224;196m[38;2;240;222;198m▀[48;2;159;140;125m[38;2;173;157;145m▀[0m[38;2;58;58;44m▄[38;2;43;39;29m▄[48;2;28;36;35m[38;2;41;38;37m▀[48;2;44;41;34m[38;2;34;35;22m▀[0m[38;2;105;98;88m▄[38;2;143;133;121m▄[48;2;252;211;171m[38;2;143;122;99m▀[48;2;253;209;172m[38;2;249;213;175m▀[48;2;254;212;174m[38;2;254;210;171m▀[48;2;253;209;173m[38;2;138;108;90m▀[48;2;46;48;39m[38;2;53;50;44m▀[48;2;53;50;45m[38;2;51;48;41m▀[48;2;54;51;44m▀[48;2;53;50;43m[38;2;54;45;35m▀[48;2;252;233;203m[38;2;250;233;205m▀[48;2;254;234;207m[38;2;252;233;203m▀[48;2;253;234;207m[38;2;252;232;205m▀[48;2;253;233;206m[38;2;251;235;209m▀[48;2;249;233;202m[38;2;254;235;210m▀[48;2;251;234;206m[38;2;252;232;207m▀[48;2;108;96;78m[38;2;140;125;103m▀[48;2;28;27;21m[38;2;31;30;23m▀[48;2;194;150;105m[38;2;191;150;102m▀[48;2;95;85;72m[38;2;35;32;24m▀[48;2;191;149;101m[38;2;191;151;102m▀[48;2;192;150;102m[38;2;140;110;75m▀[48;2;153;124;88m[38;2;181;144;99m▀[48;2;191;148;97m[38;2;193;150;102m▀[48;2;37;29;21m[38;2;38;37;32m▀[48;2;153;135;115m[38;2;121;108;94m▀[48;2;247;230;204m[38;2;223;207;182m▀[48;2;252;235;208m[38;2;252;234;210m▀[48;2;221;201;186m[38;2;240;222;197m▀[48;2;191;149;101m[38;2;192;149;101m▀[48;2;192;150;102m[38;2;189;149;100m▀[48;2;177;139;95m[38;2;192;150;102m▀[48;2;191;149;101m[38;2;193;151;103m▀[48;2;191;147;101m▀[48;2;191;152;102m[38;2;134;105;68m▀[0m [38;2;131;126;156m▀[38;2;129;124;156m▀[48;2;118;117;145m[38;2;74;71;91m▀[0m[38;2;68;66;85m▄[0m         [0m
[38;2;132;149;163m▄[48;2;103;119;129m[38;2;129;154;167m▀[48;2;108;125;135m[38;2;116;138;151m▀[48;2;223;227;225m[38;2;104;126;139m▀[48;2;165;186;195m[38;2;207;215;218m▀[48;2;114;137;153m[38;2;133;156;173m▀[48;2;87;111;128m[38;2;77;104;123m▀[48;2;67;93;108m[38;2;58;85;104m▀[48;2;93;119;135m[38;2;57;85;101m▀[48;2;94;121;138m[38;2;61;87;103m▀[48;2;67;90;106m[38;2;62;88;103m▀[48;2;60;83;98m[38;2;65;91;106m▀[48;2;94;120;135m[38;2;102;128;145m▀[48;2;58;84;99m[38;2;65;91;106m▀[48;2;126;153;167m[38;2;108;134;150m▀[0m [48;2;193;218;227m[38;2;173;202;207m▀[0m[38;2;133;158;171m▄[48;2;140;171;173m[38;2;131;165;166m▀[0m    [48;2;159;139;126m[38;2;244;223;196m▀[48;2;156;137;124m[38;2;159;141;127m▀[48;2;74;63;53m[38;2;147;140;130m▀[48;2;105;121;130m[38;2;109;128;139m▀[48;2;117;137;177m[38;2;105;143;165m▀[0m[38;2;107;145;172m▄[48;2;117;137;177m[38;2;106;148;177m▀[0m[38;2;117;137;177m▄[48;2;107;148;179m[38;2;106;149;181m▀[48;2;117;137;177m[38;2;105;146;173m▀[0m[38;2;99;119;129m▀[48;2;78;68;57m[38;2;136;129;111m▀[48;2;241;223;198m[38;2;242;224;196m▀[48;2;158;141;127m[38;2;157;138;124m▀[48;2;54;54;48m[38;2;112;106;93m▀[48;2;18;18;15m[38;2;160;150;138m▀[48;2;91;86;81m[38;2;78;71;59m▀[48;2;65;61;56m[38;2;30;25;19m▀[48;2;16;13;13m[38;2;19;19;12m▀[0m[38;2;19;18;15m▀[38;2;15;11;8m▀[48;2;246;203;168m[38;2;251;209;171m▀[48;2;160;134;106m[38;2;252;210;171m▀[0m[38;2;253;210;168m▀[48;2;29;32;20m[38;2;151;115;92m▀[48;2;24;23;18m[38;2;54;51;46m▀[48;2;51;48;41m[38;2;53;50;45m▀[48;2;29;26;19m[38;2;27;24;17m▀[48;2;30;22;16m[38;2;251;232;204m▀[0m[38;2;252;233;205m▀[38;2;254;234;209m▀[38;2;253;233;208m▀[48;2;96;74;50m[38;2;251;232;202m▀[48;2;97;77;50m[38;2;242;226;199m▀[48;2;94;74;50m[38;2;238;224;204m▀[48;2;245;226;194m[38;2;174;161;145m▀[48;2;191;144;98m[38;2;194;149;102m▀[48;2;249;228;197m[38;2;248;227;198m▀[48;2;33;36;31m[38;2;194;150;102m▀[48;2;189;147;99m[38;2;192;150;102m▀[48;2;193;150;103m[38;2;116;88;50m▀[48;2;190;146;108m[38;2;187;145;96m▀[48;2;252;227;199m[38;2;24;23;19m▀[48;2;141;126;106m[38;2;248;227;196m▀[48;2;191;169;146m▀[48;2;241;224;200m[38;2;245;226;197m▀[48;2;33;35;32m[38;2;38;35;26m▀[48;2;192;148;101m[38;2;134;103;62m▀[48;2;190;150;101m[38;2;171;135;95m▀[48;2;190;148;100m[38;2;77;59;32m▀[48;2;190;148;102m[38;2;191;145;96m▀[48;2;186;150;100m[38;2;102;82;49m▀[48;2;147;113;80m[38;2;189;147;104m▀[0m[38;2;195;153;101m▄[0m  [38;2;126;123;156m▀[38;2;126;121;153m▀[48;2;130;123;154m[38;2;128;122;156m▀[0m        [0m
[48;2;244;245;240m[38;2;232;233;234m▀[48;2;245;246;243m[38;2;144;156;165m▀[48;2;243;245;239m[38;2;136;149;157m▀[48;2;233;236;230m[38;2;237;242;238m▀[48;2;210;221;223m[38;2;180;200;207m▀[48;2;178;197;206m[38;2;172;194;205m▀[48;2;179;199;206m[38;2;128;150;165m▀[48;2;176;196;203m[38;2;117;140;157m▀[48;2;141;159;171m[38;2;123;142;159m▀[48;2;131;147;160m[38;2;125;146;161m▀[48;2;123;141;153m[38;2;118;139;154m▀[48;2;102;120;134m[38;2;101;123;137m▀[48;2;101;124;138m[38;2;91;114;130m▀[48;2;66;89;103m[38;2;66;89;105m▀[48;2;122;145;155m[38;2;131;156;168m▀[0m [48;2;166;187;184m[38;2;180;199;196m▀[48;2;149;170;175m[38;2;130;151;163m▀[0m   [48;2;153;138;122m[38;2;239;217;186m▀[48;2;242;221;197m[38;2;195;186;167m▀[48;2;242;225;199m[38;2;109;102;95m▀[48;2;12;13;15m[38;2;156;140;125m▀[0m[38;2;97;99;94m▀[48;2;116;139;144m[38;2;101;121;131m▀[0m[38;2;108;140;159m▀[48;2;110;148;166m[38;2;107;144;169m▀[48;2;106;152;174m[38;2;107;146;174m▀[48;2;103;153;176m[38;2;107;148;177m▀[0m[38;2;106;148;177m▀[0m  [38;2;120;125;121m▄[48;2;15;8;4m[38;2;224;206;183m▀[48;2;18;20;15m[38;2;159;137;124m▀[0m            [38;2;35;37;31m▀[0m     [48;2;96;74;50m[38;2;94;74;49m▀[48;2;97;77;52m[38;2;97;77;52m▀[48;2;94;74;49m[38;2;95;75;50m▀[48;2;96;74;50m[38;2;69;53;34m▀[48;2;252;227;196m[38;2;208;191;169m▀[48;2;35;33;25m[38;2;190;145;95m▀[48;2;188;171;151m[38;2;249;227;196m▀[48;2;43;36;27m[38;2;100;82;58m▀[48;2;190;148;100m[38;2;190;148;100m▀[48;2;35;29;25m[38;2;177;145;103m▀[48;2;229;210;187m[38;2;47;41;33m▀[48;2;53;53;48m[38;2;251;227;195m▀[48;2;144;131;113m[38;2;251;228;196m▀[48;2;233;215;186m[38;2;116;108;88m▀[48;2;32;25;17m[38;2;35;31;25m▀[48;2;191;149;101m[38;2;190;148;101m▀[48;2;192;150;102m[38;2;191;149;101m▀[48;2;189;147;99m[38;2;192;149;101m▀[48;2;190;148;100m[38;2;191;150;103m▀[48;2;42;41;35m[38;2;192;149;100m▀[48;2;219;203;182m[38;2;142;111;78m▀[48;2;250;227;196m[38;2;36;34;36m▀[48;2;248;227;195m[38;2;34;33;29m▀[0m[38;2;141;129;114m▄[0m  [48;2;48;56;58m[38;2;124;120;150m▀[48;2;121;117;144m[38;2;124;120;152m▀[0m       [0m
[38;2;152;168;175m▀[38;2;194;207;211m▀[48;2;132;151;157m[38;2;189;204;207m▀[48;2;181;200;207m[38;2;233;238;233m▀[48;2;195;212;220m[38;2;239;242;235m▀[48;2;164;181;188m[38;2;238;240;235m▀[48;2;143;159;168m[38;2;230;236;232m▀[48;2;149;164;171m[38;2;182;196;199m▀[48;2;211;218;216m[38;2;182;199;206m▀[48;2;241;242;236m[38;2;180;195;199m▀[48;2;243;244;238m[38;2;175;188;193m▀[48;2;241;242;237m[38;2;169;182;188m▀[48;2;137;153;165m[38;2;116;134;146m▀[48;2;103;120;136m[38;2;86;108;122m▀[48;2;95;117;131m[38;2;83;105;119m▀[0m[38;2;140;163;155m▄[38;2;165;190;184m▀[38;2;122;142;155m▀[38;2;164;190;181m▀[0m   [38;2;153;136;119m▀[48;2;144;126;112m[38;2;240;223;197m▀[48;2;240;223;197m[38;2;242;225;198m▀[48;2;240;223;195m[38;2;136;137;126m▀[0m[38;2;197;193;177m▄[0m [38;2;155;174;173m▄[48;2;138;163;165m[38;2;116;157;171m▀[0m[38;2;120;153;159m▄[0m   [48;2;239;221;196m[38;2;240;221;194m▀[48;2;156;137;123m[38;2;156;137;119m▀[0m[38;2;157;139;125m▀[0m                  [48;2;96;76;49m[38;2;96;75;50m▀[48;2;94;74;49m[38;2;92;70;46m▀[48;2;99;78;53m[38;2;93;72;48m▀[48;2;94;74;49m[38;2;92;72;47m▀[48;2;95;75;50m[38;2;92;73;48m▀[48;2;93;75;51m[38;2;252;227;195m▀[48;2;188;165;141m[38;2;25;18;9m▀[48;2;115;103;84m[38;2;251;228;194m▀[48;2;131;120;101m[38;2;46;40;36m▀[48;2;252;229;197m[38;2;64;48;35m▀[48;2;32;24;24m[38;2;75;63;56m▀[48;2;100;97;92m[38;2;100;99;95m▀[48;2;98;98;98m[38;2;41;40;34m▀[48;2;247;227;195m[38;2;249;227;195m▀[48;2;35;34;30m[38;2;41;37;30m▀[48;2;192;150;103m[38;2;190;148;100m▀[48;2;39;34;31m[38;2;188;146;100m▀[48;2;96;87;74m[38;2;115;94;67m▀[48;2;251;229;198m[38;2;36;35;31m▀[48;2;240;222;195m[38;2;247;227;194m▀[48;2;105;78;48m[38;2;247;226;198m▀[48;2;131;98;62m[38;2;129;100;65m▀[48;2;189;147;100m[38;2;128;95;54m▀[48;2;194;147;95m[38;2;189;170;153m▀[0m   [48;2;121;118;149m[38;2;32;36;36m▀[48;2;80;77;97m[38;2;124;117;151m▀[0m      [0m
     [38;2;211;218;214m▀[48;2;221;227;217m[38;2;220;224;220m▀[48;2;221;222;217m[38;2;127;144;151m▀[48;2;137;154;162m[38;2;146;160;166m▀[48;2;157;168;172m[38;2;237;238;232m▀[48;2;208;212;212m[38;2;242;243;236m▀[48;2;241;242;236m[38;2;246;247;241m▀[48;2;236;237;229m[38;2;150;164;169m▀[48;2;199;204;202m[38;2;121;138;147m▀[48;2;99;122;128m[38;2;81;105;114m▀[0m[38;2;89;124;126m▀[38;2;123;161;151m▀[38;2;93;125;120m▀[0m     [38;2;152;135;125m▀[48;2;161;139;125m[38;2;83;70;56m▀[48;2;154;136;122m[38;2;243;226;198m▀[48;2;116;109;95m[38;2;243;223;197m▀[48;2;154;137;124m[38;2;239;222;194m▀[48;2;154;136;122m[38;2;244;223;196m▀[48;2;157;136;123m[38;2;172;168;154m▀[48;2;156;139;123m[38;2;100;108;94m▀[0m[38;2;158;141;122m▄[38;2;180;161;141m▄[48;2;243;226;197m[38;2;103;111;96m▀[48;2;241;224;198m[38;2;243;221;196m▀[48;2;152;135;119m[38;2;156;137;120m▀[0m                   [38;2;86;72;49m▀[48;2;96;75;49m[38;2;95;75;50m▀[48;2;93;73;48m[38;2;92;72;48m▀[48;2;94;74;49m[38;2;94;74;49m▀▀[48;2;95;75;50m[38;2;90;70;45m▀[48;2;94;74;49m[38;2;94;74;49m▀[48;2;68;54;35m[38;2;74;58;42m▀[48;2;86;68;47m[38;2;251;229;198m▀[48;2;144;126;106m[38;2;253;230;199m▀[48;2;73;72;68m[38;2;51;51;49m▀[48;2;32;31;26m[38;2;48;45;40m▀[48;2;52;51;46m[38;2;95;96;91m▀[48;2;248;227;196m[38;2;248;227;196m▀[48;2;251;228;195m[38;2;36;36;28m▀[48;2;249;228;195m[38;2;35;34;30m▀[48;2;248;228;193m[38;2;250;226;199m▀[48;2;242;224;196m[38;2;251;228;196m▀[48;2;14;15;14m[38;2;245;224;195m▀[48;2;189;147;99m[38;2;128;100;66m▀[38;2;153;120;76m▀[48;2;193;148;99m[38;2;189;148;99m▀[48;2;165;138;97m[38;2;125;97;63m▀[48;2;109;81;55m[38;2;147;108;68m▀[48;2;129;97;62m[38;2;48;44;30m▀[0m  [38;2;43;49;43m▀[48;2;50;48;48m[38;2;56;56;71m▀[0m      [0m
        [38;2;211;217;210m▀[38;2;217;219;212m▀[48;2;152;159;162m[38;2;232;235;226m▀[48;2;154;162;165m[38;2;240;240;234m▀[48;2;204;207;202m[38;2;208;210;206m▀[48;2;205;207;204m[38;2;192;201;200m▀[48;2;134;144;145m[38;2;108;127;134m▀[0m[38;2;194;199;180m▄[0m [38;2;87;113;130m▀[0m               [38;2;108;105;94m▀[38;2;154;137;119m▀[38;2;153;135;120m▀[0m                    [48;2;94;74;49m[38;2;93;73;48m▀[48;2;89;69;45m[38;2;95;74;50m▀[48;2;92;72;47m[38;2;93;73;48m▀[48;2;93;73;48m[38;2;94;74;49m▀[48;2;95;73;49m[38;2;94;72;48m▀[48;2;93;74;49m[38;2;97;75;51m▀[48;2;93;73;48m[38;2;95;75;50m▀[48;2;94;74;50m[38;2;94;74;49m▀[48;2;90;70;41m[38;2;38;32;20m▀[48;2;35;34;32m[38;2;66;67;59m▀[48;2;95;94;90m[38;2;47;46;41m▀[48;2;97;96;91m[38;2;49;46;41m▀[48;2;52;51;47m[38;2;238;219;190m▀[48;2;36;35;30m[38;2;254;229;196m▀[48;2;205;181;158m[38;2;128;115;100m▀[48;2;195;171;147m[38;2;194;173;146m▀[48;2;197;172;149m[38;2;184;158;141m▀[48;2;61;44;28m[38;2;247;226;195m▀[48;2;247;227;195m[38;2;38;38;34m▀[48;2;40;35;29m[38;2;191;150;104m▀[48;2;187;146;99m[38;2;189;147;98m▀[48;2;189;145;96m[38;2;191;147;98m▀[48;2;190;148;100m[38;2;101;75;41m▀[48;2;156;128;87m[38;2;192;146;96m▀[48;2;186;145;97m[38;2;31;36;17m▀[0m[38;2;39;39;26m▄[38;2;72;76;83m▄[48;2;112;109;140m[38;2;69;67;88m▀[48;2;69;67;88m[38;2;50;48;48m▀[0m     [0m
           [38;2;176;185;183m▀[48;2;134;141;136m[38;2;147;153;153m▀[48;2;187;190;168m[38;2;208;209;201m▀[0m[38;2;220;219;214m▀[0m                                         [48;2;68;55;36m[38;2;91;75;49m▀[48;2;89;69;44m[38;2;94;75;48m▀[48;2;94;74;49m[38;2;91;71;46m▀[48;2;92;72;47m[38;2;94;74;49m▀[48;2;94;74;49m[38;2;92;72;47m▀[48;2;93;71;47m[38;2;78;64;46m▀[48;2;96;76;51m[38;2;94;72;48m▀[48;2;94;74;49m[38;2;92;70;46m▀[48;2;83;66;44m[38;2;82;65;47m▀[48;2;50;61;71m[38;2;50;53;47m▀[48;2;95;94;90m[38;2;97;96;92m▀[48;2;96;95;91m[38;2;98;97;93m▀[48;2;79;86;101m[38;2;72;73;71m▀[48;2;139;149;182m[38;2;55;54;60m▀[48;2;196;178;148m[38;2;47;45;41m▀[48;2;253;232;206m[38;2;32;29;24m▀[48;2;185;168;146m[38;2;21;20;15m▀[48;2;90;69;49m[38;2;91;71;46m▀[48;2;91;71;46m[38;2;93;73;49m▀[48;2;96;76;51m[38;2;246;227;196m▀[48;2;173;153;132m[38;2;118;105;89m▀[48;2;246;226;196m[38;2;118;91;61m▀[48;2;34;29;17m[38;2;188;148;99m▀[48;2;189;147;99m[38;2;190;148;98m▀[48;2;189;147;97m[38;2;148;118;80m▀[48;2;100;74;44m[38;2;189;146;97m▀[48;2;83;81;105m[38;2;145;120;87m▀[48;2;104;99;132m[38;2;110;106;133m▀[48;2;83;81;105m[38;2;104;99;132m▀[0m     [0m
                                                        [38;2;59;54;25m▀[48;2;48;39;22m[38;2;71;59;40m▀[48;2;90;70;44m[38;2;94;74;49m▀[48;2;92;72;47m[38;2;95;75;50m▀[48;2;93;73;49m[38;2;63;49;32m▀[48;2;92;72;47m[38;2;90;70;45m▀[48;2;93;71;45m[38;2;92;72;47m▀[48;2;90;70;45m[38;2;93;73;48m▀[48;2;24;21;16m[38;2;39;27;13m▀[48;2;93;96;90m[38;2;98;82;49m▀[48;2;47;41;26m[38;2;102;83;55m▀[48;2;82;84;81m[38;2;113;90;56m▀[48;2;61;71;82m[38;2;208;159;87m▀[48;2;129;141;175m[38;2;197;155;96m▀[48;2;252;233;201m[38;2;252;233;203m▀[48;2;252;233;203m[38;2;228;208;184m▀[48;2;253;235;203m[38;2;252;236;203m▀[48;2;253;234;203m[38;2;89;73;50m▀[48;2;68;55;36m[38;2;91;71;46m▀[48;2;92;72;48m[38;2;93;73;48m▀[48;2;93;71;47m[38;2;90;72;47m▀[48;2;250;235;202m[38;2;218;203;178m▀[48;2;252;233;203m[38;2;251;228;196m▀[48;2;251;228;199m[38;2;36;37;32m▀[48;2;37;31;24m[38;2;189;149;98m▀[48;2;185;145;96m[38;2;189;147;99m▀[48;2;190;146;97m[38;2;104;99;132m▀[48;2;97;93;119m[38;2;83;81;105m▀[0m[38;2;104;99;132m▀[0m     [0m
                                                         [48;2;88;71;47m[38;2;33;29;18m▀[48;2;92;72;47m[38;2;93;73;48m▀[48;2;94;75;51m[38;2;92;72;47m▀[48;2;93;73;48m[38;2;93;73;49m▀[48;2;91;71;46m[38;2;95;75;50m▀[48;2;92;72;47m[38;2;93;73;48m▀[48;2;92;70;46m[38;2;95;73;49m▀[48;2;78;88;113m[38;2;90;74;48m▀[48;2;37;37;33m[38;2;92;91;89m▀[48;2;88;66;26m[38;2;92;91;87m▀[48;2;163;130;71m[38;2;98;97;93m▀[48;2;44;46;45m[38;2;75;76;76m▀[48;2;131;144;176m[38;2;129;142;175m▀[48;2;121;129;151m[38;2;219;203;184m▀[48;2;251;233;201m[38;2;252;233;203m▀[48;2;252;233;203m▀[38;2;253;234;204m▀[48;2;254;232;204m[38;2;253;234;207m▀[48;2;252;233;201m[38;2;176;159;138m▀[48;2;195;173;147m[38;2;92;72;45m▀[48;2;253;234;203m[38;2;253;232;201m▀[48;2;252;233;203m[38;2;251;232;202m▀[48;2;252;232;205m[38;2;253;234;204m▀[48;2;252;233;203m[38;2;169;151;130m▀[48;2;91;71;46m[38;2;165;150;134m▀[48;2;120;108;85m[38;2;169;134;93m▀[48;2;242;223;195m[38;2;180;143;95m▀[0m[38;2;159;128;87m▄[0m     [0m
                                                         [48;2;88;68;42m[38;2;91;71;46m▀[48;2;68;55;36m[38;2;91;72;47m▀[48;2;88;68;43m[38;2;87;69;44m▀[48;2;90;70;45m[38;2;92;72;47m▀[48;2;92;72;47m[38;2;90;70;45m▀[38;2;94;74;49m▀[48;2;33;37;32m[38;2;91;70;44m▀[48;2;75;76;71m[38;2;131;144;178m▀[48;2;92;91;87m[38;2;95;94;92m▀[48;2;54;50;47m[38;2;98;97;93m▀[48;2;65;64;60m[38;2;54;53;51m▀[48;2;96;92;89m[38;2;50;51;46m▀[48;2;93;92;87m[38;2;46;51;62m▀[48;2;130;143;176m[38;2;136;145;177m▀[48;2;44;42;36m[38;2;219;202;180m▀[48;2;252;233;203m[38;2;252;233;203m▀[48;2;251;232;202m[38;2;253;234;204m▀[48;2;253;234;204m[38;2;252;232;203m▀[48;2;252;233;203m[38;2;252;233;203m▀[48;2;251;232;200m[38;2;249;231;201m▀[48;2;163;151;132m[38;2;247;230;206m▀[48;2;251;232;208m[38;2;252;233;203m▀[48;2;44;42;36m▀[48;2;48;47;42m[38;2;251;232;203m▀[48;2;163;133;88m[38;2;26;25;23m▀[48;2;87;69;45m[38;2;90;70;47m▀[48;2;91;71;46m[38;2;216;199;173m▀[48;2;235;215;190m[38;2;158;145;127m▀[48;2;36;28;14m[38;2;117;96;58m▀[0m    [0m
                                                        [48;2;76;61;42m[38;2;52;51;23m▀[48;2;92;70;46m[38;2;93;73;48m▀[48;2;91;71;46m[38;2;73;58;39m▀[48;2;90;70;45m[38;2;97;77;52m▀[48;2;89;69;44m[38;2;91;71;46m▀[48;2;93;73;48m[38;2;91;71;45m▀[48;2;79;62;41m[38;2;96;76;51m▀[48;2;126;141;171m[38;2;127;136;162m▀[48;2;96;92;89m[38;2;96;92;89m▀[48;2;95;94;90m[38;2;97;96;92m▀[48;2;96;92;89m[38;2;95;94;90m▀[48;2;95;94;90m[38;2;93;92;88m▀[48;2;94;93;89m[38;2;94;93;89m▀[48;2;95;94;90m[38;2;93;92;88m▀[48;2;113;124;143m[38;2;130;144;178m▀[48;2;130;143;175m[38;2;103;113;136m▀[48;2;241;224;201m[38;2;253;234;204m▀[48;2;253;234;204m[38;2;252;233;203m▀[48;2;253;232;203m▀[48;2;251;232;202m[38;2;251;232;202m▀[48;2;253;234;204m[38;2;252;234;211m▀[48;2;47;44;39m[38;2;50;46;42m▀[48;2;49;46;41m[38;2;45;44;39m▀[48;2;51;48;43m[38;2;48;46;41m▀[48;2;50;47;40m[38;2;47;44;39m▀[48;2;81;65;41m[38;2;48;45;40m▀[48;2;93;73;48m[38;2;88;68;45m▀[38;2;93;73;48m▀[48;2;92;72;47m[38;2;90;71;46m▀[48;2;93;73;49m[38;2;248;227;195m▀[48;2;248;225;191m[38;2;27;27;13m▀[0m   [0m
                                                        [48;2;94;72;48m[38;2;92;72;45m▀[48;2;77;64;43m[38;2;95;75;48m▀[48;2;94;74;50m[38;2;91;71;47m▀[48;2;91;71;47m[38;2;97;77;52m▀[48;2;92;72;48m[38;2;92;72;47m▀[48;2;90;70;45m[38;2;90;70;45m▀[48;2;138;122;98m[38;2;83;67;46m▀[48;2;64;69;79m[38;2;111;123;147m▀[48;2;35;31;28m[38;2;94;93;89m▀[48;2;96;92;89m▀[48;2;99;95;92m[38;2;93;92;88m▀[48;2;96;95;91m[38;2;98;94;91m▀[48;2;92;91;87m[38;2;94;93;89m▀[48;2;97;94;91m[38;2;93;92;88m▀[48;2;27;24;19m[38;2;66;62;61m▀[48;2;131;144;176m[38;2;130;144;173m▀[48;2;42;42;38m[38;2;44;38;27m▀[48;2;252;233;203m[38;2;253;234;204m▀[38;2;252;233;203m▀[48;2;251;232;202m[38;2;251;232;202m▀[48;2;176;161;139m[38;2;251;234;205m▀[48;2;40;39;33m[38;2;48;45;40m▀[48;2;47;46;41m[38;2;47;44;39m▀[48;2;50;43;31m[38;2;48;45;40m▀[48;2;88;74;56m[38;2;43;40;38m▀[48;2;95;75;51m[38;2;92;72;47m▀[48;2;91;71;46m[38;2;93;73;48m▀[48;2;75;58;38m[38;2;85;69;47m▀[48;2;90;70;45m[38;2;92;72;47m▀[48;2;91;71;46m[38;2;91;71;46m▀[48;2;91;73;49m[38;2;68;52;36m▀[0m[38;2;196;180;156m▄[0m  [0m
                                                        [48;2;92;72;48m[38;2;91;71;47m▀[48;2;87;70;45m[38;2;52;36;23m▀[48;2;77;63;44m[38;2;93;72;49m▀[48;2;95;74;52m[38;2;92;72;47m▀[48;2;89;69;44m[38;2;93;73;49m▀[48;2;92;72;47m[38;2;92;72;47m▀[48;2;179;164;145m[38;2;197;180;160m▀[48;2;33;28;20m[38;2;33;35;38m▀[48;2;87;98;122m[38;2;42;39;34m▀[48;2;46;43;38m[38;2;96;95;91m▀[48;2;96;92;89m[38;2;93;92;87m▀[48;2;95;91;88m[38;2;96;95;91m▀[48;2;38;34;31m[38;2;93;92;88m▀[48;2;25;24;20m[38;2;24;23;19m▀[48;2;24;23;19m[38;2;25;24;20m▀[48;2;129;142;177m[38;2;132;144;176m▀[48;2;106;117;141m[38;2;43;47;56m▀[48;2;252;233;206m[38;2;248;231;201m▀[48;2;252;233;203m[38;2;242;226;200m▀[48;2;254;233;204m[38;2;245;223;197m▀[48;2;54;48;37m[38;2;251;231;204m▀[48;2;253;211;163m[38;2;145;117;89m▀[48;2;250;206;167m[38;2;252;209;167m▀[48;2;252;208;169m[38;2;252;209;168m▀[48;2;44;37;31m[38;2;46;44;40m▀[48;2;84;67;47m[38;2;95;75;50m▀[48;2;90;70;46m[38;2;92;72;48m▀[48;2;66;50;34m[38;2;51;38;21m▀[48;2;92;72;47m[38;2;91;71;46m▀[48;2;90;70;45m▀[48;2;92;72;47m[38;2;90;70;45m▀[48;2;88;71;45m[38;2;91;71;45m▀[0m[38;2;52;46;23m▄[0m [0m
                                                       [38;2;54;44;24m▄[48;2;91;71;46m[38;2;94;74;49m▀[48;2;92;72;47m[38;2;88;68;43m▀[48;2;89;69;45m[38;2;91;69;45m▀[48;2;41;32;15m[38;2;93;73;48m▀[48;2;93;73;48m[38;2;92;72;48m▀[48;2;91;71;46m[38;2;93;73;49m▀[48;2;87;68;47m[38;2;74;65;48m▀[48;2;246;229;201m[38;2;118;108;95m▀[48;2;130;146;173m[38;2;134;145;175m▀[48;2;52;49;44m[38;2;49;46;41m▀[48;2;49;46;41m[38;2;48;47;42m▀[48;2;49;46;39m[38;2;49;48;43m▀[48;2;40;39;34m[38;2;23;22;17m▀[48;2;26;25;21m[38;2;25;24;20m▀[48;2;52;51;46m▀[48;2;59;63;72m[38;2;118;130;150m▀[48;2;85;93;108m[38;2;132;143;171m▀[48;2;43;40;37m[38;2;254;235;203m▀[48;2;46;43;38m[38;2;246;225;200m▀[48;2;49;46;41m[38;2;49;46;41m▀[48;2;46;46;40m[38;2;48;44;40m▀[48;2;97;79;61m[38;2;236;196;165m▀[48;2;246;208;172m[38;2;252;208;169m▀[48;2;207;176;148m[38;2;251;206;165m▀[48;2;50;47;42m[38;2;70;55;41m▀[48;2;48;45;40m[38;2;50;47;42m▀[48;2;181;171;162m[38;2;32;23;13m▀[48;2;85;70;46m[38;2;81;66;50m▀[48;2;90;70;46m[38;2;91;71;46m▀[48;2;93;73;48m[38;2;93;73;48m▀[48;2;92;72;47m[38;2;90;70;45m▀[38;2;92;72;47m▀[48;2;91;71;48m[38;2;93;72;48m▀[0m [0m
                                                       [48;2;89;73;45m[38;2;83;68;44m▀[48;2;91;71;47m[38;2;90;70;45m▀[48;2;92;72;47m[38;2;92;72;47m▀[48;2;91;71;46m[38;2;90;70;46m▀[38;2;91;71;46m▀[48;2;51;38;20m[38;2;93;73;49m▀[48;2;89;69;44m[38;2;91;71;46m▀[48;2;89;69;47m[38;2;92;73;49m▀[48;2;48;45;40m[38;2;47;46;41m▀[48;2;46;43;38m[38;2;122;135;162m▀[48;2;52;49;44m[38;2;46;47;41m▀[48;2;49;46;41m[38;2;31;28;23m▀[48;2;41;40;35m[38;2;28;25;20m▀[48;2;48;45;40m[38;2;22;21;16m▀[38;2;46;45;40m▀[48;2;47;44;39m[38;2;50;47;42m▀[48;2;46;43;38m[38;2;48;47;43m▀[38;2;50;47;42m▀[48;2;48;45;40m[38;2;49;46;41m▀[48;2;49;46;41m▀[48;2;51;48;43m[38;2;47;44;39m▀[48;2;47;44;39m[38;2;50;47;42m▀[48;2;51;48;43m[38;2;50;46;43m▀[48;2;204;191;178m[38;2;46;43;36m▀[48;2;90;72;48m[38;2;49;46;41m▀[48;2;31;27;21m[38;2;253;237;209m▀[48;2;58;50;32m[38;2;46;38;28m▀[48;2;90;70;46m[38;2;30;25;19m▀[48;2;90;70;45m[38;2;89;71;47m▀[48;2;53;42;28m[38;2;84;66;41m▀[48;2;92;72;47m[38;2;90;70;45m▀[38;2;92;72;47m▀[38;2;91;71;46m▀[48;2;92;71;46m[38;2;92;73;48m▀[0m [0m
                                                       [48;2;94;74;49m[38;2;93;73;48m▀[48;2;91;71;46m[38;2;91;71;46m▀▀[48;2;92;72;48m[38;2;90;70;45m▀[48;2;92;72;47m[38;2;93;73;49m▀[48;2;91;71;47m[38;2;88;68;44m▀[48;2;90;70;45m[38;2;88;71;51m▀[48;2;33;24;15m[38;2;91;71;46m▀[48;2;27;24;20m[38;2;29;26;23m▀[48;2;43;40;35m[38;2;50;49;46m▀[48;2;45;45;38m[38;2;46;44;37m▀[48;2;41;42;37m[38;2;49;46;41m▀[48;2;189;177;163m▀[48;2;46;43;39m[38;2;47;46;41m▀[48;2;46;38;29m[38;2;49;46;41m▀[48;2;45;39;33m[38;2;251;231;211m▀[48;2;37;27;19m[38;2;48;44;39m▀[48;2;200;143;113m[38;2;202;147;118m▀[48;2;200;145;114m[38;2;41;39;33m▀[48;2;201;144;112m[38;2;46;44;40m▀[48;2;193;138;112m[38;2;50;47;42m▀[48;2;90;69;46m[38;2;91;69;45m▀[48;2;92;72;48m[38;2;91;71;46m▀[48;2;94;74;50m[38;2;92;72;46m▀[38;2;91;71;47m▀[48;2;92;72;48m[38;2;90;70;45m▀[48;2;91;71;46m[38;2;92;72;48m▀[48;2;94;73;51m[38;2;91;71;46m▀[48;2;51;39;27m[38;2;88;72;46m▀[48;2;91;71;47m[38;2;93;73;48m▀[48;2;90;70;45m[38;2;91;71;47m▀[48;2;91;71;47m[38;2;90;70;45m▀[38;2;92;72;48m▀[0m[38;2;76;61;41m▀[0m [0m
                                                      [38;2;60;46;26m▄[48;2;90;70;45m[38;2;91;71;46m▀▀[48;2;92;73;48m▀[48;2;94;74;49m[38;2;90;70;46m▀[48;2;91;71;46m[38;2;86;66;41m▀[48;2;92;72;48m[38;2;91;71;46m▀[48;2;91;71;46m[38;2;90;70;45m▀[48;2;92;72;48m[38;2;92;70;46m▀[48;2;18;15;10m[38;2;23;21;15m▀[48;2;45;42;37m[38;2;84;76;66m▀[48;2;76;66;49m[38;2;42;33;22m▀[48;2;204;145;113m[38;2;48;44;40m▀[48;2;52;49;44m[38;2;194;186;174m▀[48;2;172;128;112m[38;2;48;45;40m▀[48;2;204;149;119m[38;2;198;143;115m▀[48;2;85;69;47m[38;2;49;45;42m▀[48;2;42;41;36m[38;2;55;54;45m▀[48;2;198;144;115m[38;2;44;45;38m▀[48;2;200;145;115m[38;2;205;149;119m▀[48;2;201;146;116m[38;2;197;145;116m▀[48;2;201;144;114m[38;2;40;38;30m▀[48;2;160;123;96m[38;2;129;99;76m▀[48;2;91;71;46m[38;2;91;71;46m▀[48;2;87;69;45m[38;2;81;63;41m▀[48;2;91;71;47m[38;2;89;69;45m▀[48;2;90;70;45m[38;2;91;71;46m▀[48;2;91;71;46m▀[48;2;88;65;40m[38;2;92;70;47m▀[48;2;93;73;49m[38;2;89;69;45m▀[48;2;93;73;48m[38;2;93;73;49m▀[48;2;90;70;45m[38;2;91;71;47m▀[48;2;92;72;48m[38;2;91;71;46m▀[48;2;94;71;49m[38;2;92;72;47m▀[0m  [0m
                                                      [48;2;90;71;48m[38;2;77;60;42m▀[48;2;90;70;46m[38;2;91;71;46m▀[48;2;90;70;45m▀▀[48;2;93;73;48m[38;2;92;72;47m▀[38;2;91;71;47m▀[48;2;88;68;43m[38;2;87;67;43m▀[48;2;91;71;46m[38;2;91;71;46m▀[48;2;94;74;49m[38;2;92;72;47m▀[48;2;90;70;45m[38;2;92;72;48m▀[48;2;91;71;46m[38;2;91;71;46m▀[48;2;89;69;45m[38;2;90;72;48m▀[48;2;252;209;167m[38;2;205;150;120m▀[48;2;241;196;159m[38;2;202;147;117m▀[48;2;202;148;114m▀[48;2;250;208;166m[38;2;201;148;117m▀[48;2;91;72;47m[38;2;85;69;44m▀[48;2;91;71;46m[38;2;91;71;46m▀[48;2;172;126;103m[38;2;199;147;119m▀[48;2;201;146;116m[38;2;201;147;119m▀[48;2;253;209;171m[38;2;200;143;113m▀[48;2;246;200;162m[38;2;199;144;114m▀[48;2;202;147;117m[38;2;185;137;111m▀[48;2;89;72;47m[38;2;90;72;48m▀[48;2;91;71;46m[38;2;91;71;47m▀[48;2;93;73;49m[38;2;88;70;46m▀[48;2;92;73;49m[38;2;89;69;44m▀[48;2;90;70;46m[38;2;92;72;48m▀[48;2;86;68;43m[38;2;89;69;43m▀[48;2;91;71;47m[38;2;88;70;46m▀[48;2;87;67;42m[38;2;90;70;45m▀[48;2;94;74;50m[38;2;91;71;46m▀[48;2;92;72;48m[38;2;90;70;45m▀[0m[38;2;55;45;24m▀[0m  [0m
                                                      [48;2;91;70;47m[38;2;93;72;49m▀[48;2;88;68;44m[38;2;91;71;46m▀[48;2;90;70;45m▀[48;2;88;68;43m[38;2;93;73;48m▀[48;2;92;72;47m[38;2;91;71;46m▀[48;2;91;71;46m[38;2;88;68;43m▀[48;2;96;74;50m[38;2;90;70;45m▀[48;2;91;71;46m▀[48;2;91;71;47m[38;2;90;70;46m▀[48;2;92;72;47m[38;2;92;72;48m▀[48;2;92;72;48m[38;2;92;72;47m▀[48;2;90;70;46m▀[48;2;246;201;162m[38;2;250;207;165m▀[48;2;252;207;168m[38;2;250;206;167m▀[48;2;251;207;168m[38;2;251;207;168m▀[48;2;251;208;169m[38;2;251;207;166m▀[48;2;88;70;47m[38;2;84;66;43m▀[48;2;91;71;44m[38;2;89;69;45m▀[48;2;89;69;44m[38;2;87;69;49m▀[48;2;251;206;166m[38;2;252;209;167m▀[48;2;251;207;168m[38;2;251;208;166m▀[48;2;252;208;169m[38;2;251;206;167m▀[48;2;252;207;168m[38;2;252;207;166m▀[48;2;47;39;20m[38;2;81;63;47m▀[48;2;88;71;45m[38;2;92;72;47m▀[48;2;93;73;49m▀[48;2;92;72;47m[38;2;93;73;48m▀[48;2;91;71;47m[38;2;92;72;47m▀[48;2;85;63;47m[38;2;87;69;46m▀[48;2;90;70;45m[38;2;90;70;45m▀[48;2;94;74;49m▀[48;2;90;70;45m[38;2;91;71;46m▀[0m[38;2;80;62;46m▀[0m   [0m
                                                      [48;2;89;66;42m[38;2;88;69;45m▀[48;2;92;72;47m[38;2;90;70;46m▀[48;2;93;73;48m[38;2;96;76;52m▀[48;2;91;71;46m[38;2;89;69;45m▀[48;2;91;71;47m[38;2;91;71;47m▀[38;2;92;72;48m▀[38;2;90;70;45m▀[48;2;92;72;47m[38;2;88;68;43m▀[48;2;89;69;45m[38;2;94;74;49m▀[48;2;91;71;46m[38;2;88;68;44m▀[48;2;88;68;44m[38;2;92;72;48m▀[48;2;92;72;48m[38;2;90;70;45m▀[48;2;85;68;52m[38;2;74;53;29m▀[48;2;251;208;168m[38;2;253;209;170m▀[48;2;252;207;166m[38;2;251;207;168m▀[48;2;252;209;167m[38;2;253;209;168m▀[48;2;88;70;47m[38;2;90;71;46m▀[48;2;88;68;43m[38;2;91;71;46m▀[48;2;90;70;45m[38;2;90;70;45m▀[48;2;235;200;166m[38;2;253;208;167m▀[48;2;253;208;169m[38;2;250;206;167m▀[48;2;251;208;166m[38;2;249;207;167m▀[48;2;245;201;163m[38;2;252;209;167m▀[48;2;80;62;48m[38;2;75;59;36m▀[48;2;91;71;46m[38;2;91;71;47m▀[48;2;90;70;46m[38;2;92;72;48m▀[48;2;92;72;48m[38;2;91;71;46m▀[48;2;91;71;47m[38;2;95;75;50m▀[48;2;81;62;40m[38;2;79;63;42m▀[48;2;91;71;47m[38;2;90;70;45m▀[48;2;89;69;45m[38;2;93;73;48m▀[0m[38;2;74;61;46m▀[0m    [0m
                                                     [38;2;102;85;53m▀[38;2;92;70;49m▀[48;2;91;71;46m[38;2;93;73;49m▀[48;2;89;69;45m[38;2;88;68;43m▀[48;2;88;68;44m[38;2;89;69;45m▀[48;2;90;70;45m▀[48;2;91;71;46m[38;2;91;71;46m▀[48;2;92;72;47m[38;2;90;70;46m▀[48;2;90;70;45m[38;2;91;71;46m▀▀[48;2;63;51;32m[38;2;81;66;46m▀[48;2;90;70;46m[38;2;91;70;47m▀[48;2;92;72;48m[38;2;90;70;45m▀[48;2;91;72;47m[38;2;90;69;49m▀[48;2;252;209;167m[38;2;251;208;166m▀[48;2;146;115;86m▀[48;2;252;208;169m[38;2;251;207;168m▀[48;2;76;61;41m[38;2;87;69;46m▀[48;2;91;71;47m[38;2;93;73;48m▀[38;2;89;69;44m▀[48;2;92;72;48m[38;2;87;69;45m▀[48;2;221;188;157m[38;2;252;208;169m▀[48;2;251;207;168m[38;2;251;208;166m▀[48;2;143;117;92m[38;2;237;194;157m▀[48;2;251;207;168m[38;2;248;208;170m▀[48;2;88;70;44m[38;2;93;73;49m▀[48;2;90;69;45m[38;2;91;70;47m▀[48;2;91;71;46m[38;2;91;71;47m▀[48;2;91;71;47m[38;2;91;71;46m▀[48;2;90;71;48m[38;2;84;67;44m▀[48;2;90;70;45m[38;2;92;72;48m▀[48;2;133;107;70m[38;2;85;66;35m▀[0m     [0m
                                                       [48;2;90;70;46m[38;2;92;72;48m▀[48;2;90;70;45m[38;2;91;71;47m▀[48;2;91;71;46m[38;2;93;73;48m▀[48;2;91;71;47m[38;2;91;71;47m▀[48;2;94;74;50m▀[48;2;93;73;49m[38;2;92;72;48m▀[48;2;93;73;48m[38;2;93;73;49m▀[48;2;91;71;46m[38;2;91;71;46m▀[48;2;85;69;47m[38;2;63;49;33m▀[48;2;91;71;47m[38;2;89;69;44m▀[48;2;92;72;47m[38;2;93;72;47m▀[48;2;90;70;45m[38;2;88;68;44m▀[48;2;251;207;168m[38;2;250;209;165m▀[48;2;249;205;164m[38;2;251;207;167m▀[48;2;250;207;165m[38;2;252;208;168m▀[48;2;192;173;151m[38;2;89;69;45m▀[48;2;92;71;45m[38;2;92;72;47m▀[48;2;87;67;42m[38;2;93;73;49m▀[48;2;91;73;49m[38;2;84;66;45m▀[48;2;77;57;41m[38;2;252;209;167m▀[48;2;41;36;30m[38;2;250;207;165m▀[48;2;50;46;43m[38;2;252;208;169m▀[48;2;42;42;37m[38;2;190;172;152m▀[48;2;147;133;113m[38;2;91;71;46m▀[48;2;87;67;40m[38;2;91;73;49m▀[48;2;36;27;17m[38;2;41;32;22m▀[48;2;92;72;47m[38;2;90;70;46m▀[48;2;81;64;44m[38;2;88;69;47m▀[48;2;88;68;44m[38;2;90;70;46m▀[0m      [0m
                                                       [48;2;84;67;49m[38;2;90;70;46m▀[48;2;91;71;46m[38;2;89;69;44m▀[38;2;91;71;46m▀[48;2;89;69;44m[38;2;95;75;50m▀[48;2;90;70;45m[38;2;90;70;45m▀[48;2;93;73;48m[38;2;92;72;47m▀[48;2;86;66;41m[38;2;88;68;43m▀[48;2;66;53;35m[38;2;92;72;47m▀[48;2;94;72;48m[38;2;92;71;47m▀[48;2;89;69;44m[38;2;90;70;46m▀[48;2;91;71;46m[38;2;94;74;49m▀[48;2;79;62;44m[38;2;90;71;46m▀[48;2;50;47;42m[38;2;37;33;22m▀[48;2;48;47;40m[38;2;77;66;51m▀[48;2;182;167;151m[38;2;45;42;35m▀[48;2;253;232;203m[38;2;183;172;152m▀[48;2;197;182;162m[38;2;118;103;84m▀[48;2;97;77;52m[38;2;89;72;46m▀[48;2;237;221;196m[38;2;70;62;43m▀[48;2;46;44;39m[38;2;48;45;40m▀[48;2;44;41;36m[38;2;51;48;43m▀[48;2;47;44;37m[38;2;48;45;40m▀[48;2;250;231;201m[38;2;116;104;91m▀[48;2;187;170;154m[38;2;244;227;202m▀[48;2;92;72;47m[38;2;94;74;49m▀[48;2;60;47;33m[38;2;35;29;17m▀[48;2;91;71;47m[38;2;91;71;47m▀[48;2;58;46;31m[38;2;70;57;39m▀[48;2;89;69;45m[38;2;90;70;46m▀[0m      [0m
                                                       [48;2;241;218;190m[38;2;247;224;191m▀[48;2;81;66;47m[38;2;90;70;45m▀[48;2;91;71;46m▀[48;2;87;70;44m[38;2;91;71;46m▀[48;2;88;69;46m[38;2;92;72;47m▀[0m[38;2;62;49;30m▀[0m  [48;2;91;72;47m[38;2;94;74;49m▀[48;2;91;71;46m[38;2;48;38;24m▀[48;2;88;68;44m[38;2;89;69;45m▀[48;2;238;222;193m[38;2;239;220;201m▀[48;2;38;35;28m[38;2;44;43;38m▀[48;2;252;231;202m[38;2;37;33;27m▀[48;2;251;232;201m[38;2;252;233;202m▀[48;2;252;233;203m[38;2;254;233;204m▀[48;2;192;177;154m[38;2;210;194;171m▀[48;2;91;71;46m[38;2;93;73;48m▀[48;2;68;56;34m[38;2;114;98;81m▀[48;2;32;31;26m[38;2;46;45;40m▀[48;2;49;46;40m[38;2;49;46;41m▀[48;2;34;32;26m▀[48;2;254;233;202m[38;2;251;232;202m▀[48;2;105;95;87m[38;2;87;78;68m▀[48;2;93;73;49m[38;2;92;72;47m▀[48;2;88;69;44m[38;2;82;65;42m▀[48;2;106;89;56m[38;2;84;63;46m▀[48;2;86;69;45m[38;2;51;39;21m▀[48;2;91;73;49m[38;2;90;70;46m▀[0m      [0m
                                                       [38;2;23;28;24m▀[38;2;249;226;194m▀[38;2;85;69;44m▀[38;2;51;40;20m▀[38;2;153;125;86m▀[0m   [48;2;91;71;47m[38;2;91;71;47m▀[38;2;90;70;46m▀[38;2;93;71;47m▀[48;2;61;46;27m[38;2;244;226;198m▀[48;2;248;226;202m[38;2;125;116;99m▀[48;2;251;232;200m[38;2;252;233;202m▀[38;2;251;232;200m▀[38;2;252;233;203m▀[48;2;146;130;114m[38;2;136;121;100m▀[48;2;90;70;46m[38;2;90;70;45m▀[38;2;90;74;51m▀[48;2;177;155;137m[38;2;203;189;168m▀[48;2;251;232;200m[38;2;50;47;40m▀[48;2;136;120;102m[38;2;96;90;80m▀[48;2;251;232;200m[38;2;252;233;201m▀[48;2;240;219;192m[38;2;238;220;197m▀[48;2;133;105;73m[38;2;92;72;48m▀[48;2;90;70;45m[38;2;95;74;47m▀[0m[38;2;187;137;88m▀[38;2;63;57;33m▀[48;2;94;74;49m[38;2;91;71;46m▀[0m      [0m
                                                               [48;2;91;71;47m[38;2;91;71;47m▀▀▀[48;2;86;69;49m[38;2;52;38;20m▀[48;2;251;232;203m[38;2;251;232;203m▀[48;2;252;231;201m[38;2;252;232;205m▀[48;2;251;232;200m[38;2;251;232;200m▀▀[48;2;59;46;31m[38;2;59;46;32m▀[48;2;92;72;48m[38;2;90;70;46m▀[48;2;92;71;46m[38;2;90;70;45m▀[48;2;65;53;36m[38;2;57;46;30m▀[48;2;251;232;200m[38;2;251;232;200m▀[48;2;94;84;69m[38;2;106;93;77m▀[48;2;251;232;200m[38;2;251;232;200m▀[48;2;250;224;191m[38;2;251;225;195m▀[48;2;68;51;30m[38;2;92;70;46m▀[48;2;90;70;45m[38;2;90;70;45m▀[0m         [0m
                                                                [38;2;91;71;47m▀▀[48;2;220;204;180m[38;2;184;166;145m▀[48;2;251;232;202m[38;2;251;232;206m▀[48;2;252;233;202m[38;2;252;232;201m▀[48;2;254;233;202m[38;2;253;233;204m▀[48;2;249;229;200m[38;2;251;232;200m▀[0m[38;2;42;33;17m▀[38;2;61;54;18m▀[0m  [48;2;251;232;200m[38;2;251;232;200m▀[48;2;160;143;120m[38;2;147;129;107m▀[48;2;251;232;200m[38;2;251;232;200m▀[48;2;248;227;194m[38;2;247;226;193m▀[48;2;66;52;32m[38;2;68;53;34m▀[48;2;63;50;33m[38;2;90;70;45m▀[0m         [0m
                                                                 [48;2;252;232;205m[38;2;201;182;171m▀[48;2;251;232;202m[38;2;250;231;202m▀[38;2;252;233;201m▀[48;2;252;232;204m[38;2;252;232;202m▀[48;2;61;55;45m[38;2;252;233;203m▀[48;2;37;38;35m[38;2;253;233;202m▀[0m    [48;2;251;232;200m[38;2;251;232;200m▀[48;2;153;135;118m[38;2;89;79;62m▀[48;2;251;232;200m[38;2;251;232;200m▀[48;2;249;227;189m[38;2;248;227;191m▀[48;2;49;36;21m[38;2;63;50;33m▀[48;2;90;70;45m[38;2;49;36;21m▀[0m         [0m
                                                                [48;2;176;138;102m[38;2;192;174;154m▀[48;2;178;137;98m[38;2;252;233;203m▀[48;2;228;209;186m[38;2;252;233;201m▀[48;2;27;27;20m[38;2;252;233;203m▀[0m[38;2;39;34;27m▀[38;2;33;30;25m▀[0m     [48;2;251;232;200m[38;2;227;205;179m▀[48;2;227;210;185m[38;2;151;130;107m▀[38;2;251;232;200m▀[48;2;253;232;201m[38;2;197;180;159m▀[0m[38;2;30;33;11m▀▀[0m         [0m
                                                                          [38;2;65;57;46m▄[48;2;250;231;204m[38;2;252;233;203m▀[48;2;249;232;205m[38;2;239;219;192m▀[48;2;246;226;202m[38;2;253;232;201m▀▀[0m           [0m
                                                                          [38;2;137;110;85m▀[48;2;56;47;41m[38;2;111;88;68m▀[48;2;148;136;125m[38;2;252;234;203m▀[48;2;31;33;26m[38;2;164;130;95m▀[0m[38;2;31;30;25m▀[0m           [0m
