                                                   [38;2;226;210;193m▄[38;2;145;133;120m▄[0m                                     [0m
                                                  [38;2;186;178;158m▄[48;2;243;227;202m[38;2;243;225;200m▀[48;2;158;142;129m[38;2;142;129;118m▀[0m                                     [0m
                                                [48;2;241;226;202m[38;2;186;172;137m▀[48;2;243;227;202m[38;2;236;220;192m▀[38;2;243;227;203m▀[48;2;137;119;105m[38;2;238;222;199m▀[48;2;39;35;29m[38;2;100;88;78m▀[48;2;242;225;200m[38;2;119;106;89m▀[48;2;244;226;202m[38;2;203;191;162m▀[48;2;243;226;200m[38;2;208;195;172m▀[0m[38;2;240;223;200m▄[0m                                 [0m
                                               [38;2;204;189;151m▀[48;2;129;115;99m[38;2;220;203;181m▀[48;2;164;145;131m[38;2;198;179;162m▀[48;2;139;124;111m[38;2;208;192;170m▀[48;2;163;144;133m[38;2;144;128;115m▀[48;2;50;47;38m[38;2;248;230;206m▀[48;2;85;76;67m[38;2;242;226;205m▀[48;2;146;136;118m[38;2;240;224;199m▀[48;2;173;158;142m[38;2;224;206;183m▀[0m[38;2;177;160;142m▀[38;2;133;119;89m▀[0m                                [0m
                                                [48;2;154;137;124m[38;2;154;137;124m▀[48;2;243;226;200m[38;2;242;226;202m▀[0m[38;2;111;98;82m▄[0m                                       [0m
                                                [48;2;158;145;128m[38;2;154;137;124m▀[48;2;213;197;177m[38;2;243;227;201m▀[0m[38;2;154;137;124m▀[0m    [38;2;117;137;177m▀[0m                                  [0m
                                                [48;2;158;145;128m[38;2;137;123;108m▀[48;2;137;123;108m[38;2;158;145;128m▀[0m     [48;2;117;137;177m[38;2;117;137;177m▀[0m                                  [0m
                                                [48;2;137;123;108m[38;2;137;123;108m▀[48;2;162;147;129m[38;2;144;130;114m▀[0m                 [38;2;92;92;119m▄▀[38;2;135;131;165m▀▄[0m                   [0m
                                                [48;2;242;225;202m[38;2;195;183;152m▀[48;2;220;205;182m[38;2;187;169;152m▀[0m[38;2;110;104;91m▄[0m    [38;2;117;137;177m▀[0m             [38;2;147;140;174m▄[48;2;148;143;173m[38;2;93;101;108m▀[48;2;148;143;174m[38;2;92;92;119m▀[48;2;148;141;172m[38;2;150;142;176m▀[48;2;148;143;173m[38;2;142;136;165m▀[0m[38;2;148;143;173m▄[38;2;147;143;171m▄[0m              [0m
                                                [48;2;241;225;200m[38;2;241;224;199m▀[48;2;240;225;199m[38;2;243;227;202m▀[48;2;242;224;200m[38;2;152;134;117m▀[48;2;241;223;198m[38;2;146;131;110m▀[48;2;242;224;197m[38;2;166;151;137m▀[48;2;16;17;11m[38;2;162;143;130m▀[0m[38;2;50;47;38m▄[38;2;167;155;142m▄[38;2;152;140;127m▄[38;2;90;87;76m▄[0m         [38;2;147;139;172m▄[48;2;143;141;172m[38;2;146;141;172m▀[48;2;145;140;170m[38;2;146;142;171m▀[48;2;199;183;210m[38;2;146;141;173m▀[48;2;146;140;170m[38;2;146;141;171m▀[48;2;146;141;171m[38;2;147;142;172m▀[48;2;146;139;170m[38;2;147;141;170m▀[48;2;152;146;175m[38;2;123;119;143m▀[48;2;149;142;171m[38;2;148;143;171m▀[48;2;199;184;211m[38;2;148;142;167m▀[0m[38;2;185;166;183m▄[0m            [0m
                                                [38;2;153;135;123m▀[38;2;161;142;129m▀[38;2;216;197;175m▀[48;2;112;103;91m[38;2;242;226;202m▀[48;2;132;121;109m[38;2;240;221;199m▀[48;2;73;66;52m[38;2;48;44;39m▀[48;2;244;226;199m[38;2;241;224;199m▀[48;2;243;226;198m[38;2;244;223;199m▀[48;2;241;224;193m[38;2;244;226;200m▀[48;2;240;222;199m[38;2;242;225;197m▀[48;2;211;191;170m[38;2;165;156;138m▀[0m       [48;2;133;129;157m[38;2;141;126;143m▀[48;2;144;139;167m[38;2;175;164;190m▀[48;2;144;139;169m[38;2;197;183;205m▀[48;2;144;140;167m[38;2;146;141;171m▀[48;2;140;135;165m[38;2;148;139;169m▀[48;2;84;81;100m[38;2;138;134;163m▀[48;2;43;45;48m[38;2;124;121;146m▀[48;2;80;78;95m[38;2;145;141;169m▀[48;2;95;89;115m[38;2;144;139;169m▀[48;2;145;140;170m[38;2;143;138;168m▀[48;2;143;138;169m[38;2;99;95;115m▀[48;2;143;139;169m[38;2;145;139;169m▀[0m            [0m
                                                    [38;2;100;93;80m▀[38;2;114;103;93m▀[38;2;161;142;126m▀[48;2;78;71;61m[38;2;164;144;133m▀[48;2;65;58;48m[38;2;160;142;130m▀[48;2;71;71;62m[38;2;153;137;124m▀[0m        [48;2;70;72;90m[38;2;83;83;104m▀[48;2;142;137;169m[38;2;142;138;166m▀[48;2;79;80;99m[38;2;139;135;170m▀[48;2;83;70;57m[38;2;135;133;163m▀[48;2;93;91;112m[38;2;69;66;86m▀[48;2;193;161;138m[38;2;64;57;58m▀[48;2;205;171;145m[38;2;126;106;84m▀[48;2;65;56;44m[38;2;97;93;117m▀[48;2;83;76;90m[38;2;134;130;158m▀[48;2;141;138;169m[38;2;142;136;166m▀[48;2;127;122;147m[38;2;143;139;168m▀[48;2;131;129;157m[38;2;52;52;68m▀[48;2;102;101;126m[38;2;139;133;164m▀[0m           [0m
                                                      [38;2;53;46;44m▄[48;2;56;50;44m[38;2;79;75;68m▀[48;2;106;95;88m[38;2;72;70;65m▀[48;2;145;138;125m[38;2;129;119;109m▀[0m[38;2;103;92;82m▄[0m       [38;2;121;118;150m▀[48;2;140;133;165m[38;2;139;134;165m▀[48;2;40;33;23m[38;2;169;137;113m▀[48;2;83;86;124m[38;2;9;10;10m▀[48;2;160;134;108m[38;2;113;109;134m▀[48;2;252;211;177m[38;2;241;204;170m▀[48;2;128;129;181m[38;2;40;33;23m▀[48;2;250;221;191m[38;2;9;10;10m▀[48;2;200;164;142m[38;2;66;55;35m▀[48;2;139;136;166m[38;2;141;136;168m▀[48;2;121;93;75m[38;2;92;91;110m▀[48;2;83;66;68m[38;2;136;131;162m▀[48;2;68;67;89m[38;2;135;129;162m▀[0m[38;2;35;37;36m▄[0m          [0m
                                                      [38;2;16;15;15m▀[48;2;149;140;130m[38;2;32;29;26m▀[48;2;40;36;32m[38;2;46;42;38m▀[48;2;36;36;34m[38;2;37;36;35m▀[48;2;46;44;39m[38;2;46;41;37m▀[0m         [48;2;78;69;79m[38;2;85;79;80m▀[48;2;252;214;174m[38;2;128;129;181m▀[48;2;252;213;174m[38;2;250;221;191m▀[48;2;251;212;173m[38;2;251;212;174m▀[48;2;250;210;174m[38;2;128;129;181m▀[48;2;251;211;174m[38;2;250;221;191m▀[48;2;250;209;172m[38;2;106;94;102m▀[48;2;133;124;157m[38;2;80;74;99m▀[48;2;51;48;69m[38;2;168;128;108m▀[48;2;138;133;165m[38;2;103;100;126m▀[48;2;127;123;149m[38;2;132;128;153m▀[48;2;131;130;158m[38;2;79;78;102m▀[0m[38;2;96;101;122m▄[0m         [0m
                                                       [48;2;27;29;29m[38;2;47;41;33m▀[48;2;35;37;34m[38;2;35;34;31m▀[48;2;36;37;34m[38;2;36;36;34m▀[48;2;38;38;24m[38;2;45;45;32m▀[0m        [38;2;92;72;55m▄[48;2;58;44;35m[38;2;52;55;69m▀[48;2;90;70;46m[38;2;220;186;156m▀[48;2;88;69;46m[38;2;250;210;173m▀[48;2;250;210;176m▀▀[48;2;186;163;142m[38;2;183;162;136m▀[48;2;46;43;38m[38;2;246;224;193m▀[48;2;94;74;50m[38;2;132;123;116m▀[48;2;29;28;27m[38;2;36;34;41m▀[48;2;26;25;36m[38;2;79;71;100m▀[48;2;81;74;102m[38;2;136;131;163m▀[48;2;95;89;117m[38;2;78;77;95m▀[48;2;126;125;153m[38;2;36;41;17m▀[0m         [0m
                                                       [38;2;49;51;28m▀[48;2;156;145;133m[38;2;55;50;43m▀[48;2;50;48;45m[38;2;35;36;33m▀[0m[38;2;40;42;15m▀[0m        [38;2;153;136;77m▄[48;2;193;151;105m[38;2;142;117;71m▀[48;2;52;43;40m[38;2;82;65;43m▀[48;2;171;158;142m[38;2;94;75;51m▀[48;2;128;119;102m[38;2;148;119;97m▀[48;2;198;177;155m[38;2;171;134;106m▀[48;2;242;222;196m[38;2;189;173;147m▀[48;2;84;71;50m[38;2;30;29;21m▀[48;2;186;146;100m[38;2;195;153;107m▀[48;2;196;151;104m[38;2;174;141;102m▀[48;2;196;153;104m[38;2;167;133;85m▀[48;2;78;72;85m[38;2;81;71;104m▀[48;2;134;130;160m[38;2;103;98;128m▀[0m[38;2;33;37;35m▀[0m         [0m
                                                        [38;2;130;119;110m▀[48;2;100;89;79m[38;2;114;105;94m▀[0m         [48;2;180;141;96m[38;2;180;141;96m▀[48;2;110;99;80m[38;2;193;151;105m▀[48;2;233;215;187m[38;2;92;83;69m▀[48;2;178;162;137m[38;2;232;214;188m▀[48;2;217;200;175m[38;2;217;200;175m▀[48;2;234;215;187m[38;2;96;82;70m▀[48;2;215;198;172m[38;2;173;156;136m▀[48;2;107;88;64m[38;2;129;115;103m▀[48;2;194;152;104m[38;2;193;150;103m▀[48;2;192;150;100m[38;2;192;153;104m▀[48;2;192;150;102m[38;2;195;153;105m▀[48;2;194;152;104m[38;2;194;152;103m▀[48;2;77;55;25m[38;2;76;62;56m▀[48;2;129;124;153m[38;2;57;57;74m▀[0m         [0m
                                                         [48;2;118;109;95m[38;2;92;85;72m▀[0m         [48;2;194;151;102m[38;2;192;149;104m▀[48;2;32;32;24m[38;2;67;51;30m▀[48;2;182;162;138m[38;2;184;169;150m▀[48;2;251;228;196m[38;2;233;215;187m▀[48;2;215;198;172m[38;2;178;162;137m▀[38;2;163;150;132m▀[48;2;137;125;110m[38;2;129;115;103m▀[48;2;194;151;103m[38;2;193;151;102m▀[48;2;193;151;101m[38;2;194;152;104m▀[48;2;194;152;104m▀[48;2;193;151;103m▀[48;2;195;153;105m[38;2;193;153;104m▀[48;2;189;149;98m[38;2;189;149;98m▀[48;2;40;38;36m[38;2;77;74;85m▀[0m         [0m
                                                         [48;2;138;121;101m[38;2;112;103;89m▀[0m        [38;2;157;126;84m▄[48;2;193;151;103m[38;2;194;150;100m▀[48;2;63;56;46m[38;2;34;32;31m▀[48;2;235;216;190m[38;2;198;172;151m▀[48;2;182;163;141m[38;2;196;179;158m▀[48;2;200;183;161m[38;2;184;169;150m▀[48;2;112;100;85m[38;2;137;125;110m▀[48;2;191;151;103m[38;2;193;151;103m▀[48;2;192;151;103m[38;2;192;150;102m▀[48;2;193;151;103m[38;2;193;151;103m▀[48;2;192;151;102m▀[48;2;193;151;103m[38;2;194;152;104m▀[48;2;192;151;102m▀[48;2;194;151;106m[38;2;193;152;102m▀[48;2;174;136;93m[38;2;189;149;98m▀[0m[38;2;85;85;102m▄[0m        [0m
                                                         [38;2;176;158;115m▀[48;2;203;190;151m[38;2;173;155;113m▀[0m      [38;2;66;60;50m▄[48;2;173;135;97m[38;2;178;142;100m▀[48;2;178;142;100m[38;2;194;149;102m▀[48;2;203;185;162m[38;2;145;126;111m▀[48;2;54;53;49m[38;2;139;125;107m▀[48;2;54;55;50m[38;2;251;229;198m▀[48;2;52;51;47m[38;2;181;162;141m▀[48;2;200;184;166m[38;2;132;118;103m▀[48;2;192;150;100m[38;2;193;150;103m▀[48;2;191;149;101m[38;2;191;151;101m▀[48;2;192;150;102m[38;2;192;149;102m▀[38;2;194;152;105m▀[48;2;193;151;103m[38;2;191;149;102m▀[38;2;192;149;100m▀[48;2;191;151;102m[38;2;191;151;101m▀[48;2;191;147;99m[38;2;191;151;103m▀[48;2;27;32;19m[38;2;106;105;132m▀[0m        [0m
                                                          [48;2;173;159;147m[38;2;183;167;145m▀[0m     [38;2;179;140;100m▄[48;2;179;140;100m▀[48;2;244;222;196m[38;2;66;60;50m▀[48;2;67;60;52m[38;2;153;119;84m▀[48;2;231;208;184m[38;2;234;214;187m▀[48;2;92;91;87m[38;2;99;98;95m▀[48;2;99;98;94m[38;2;101;100;95m▀[48;2;99;98;93m[38;2;99;98;96m▀[48;2;251;227;198m[38;2;235;213;187m▀[48;2;185;144;97m[38;2;191;149;101m▀[48;2;193;151;102m[38;2;192;150;102m▀[48;2;192;150;102m▀[48;2;193;151;103m▀[48;2;190;148;100m[38;2;193;151;103m▀[48;2;81;73;62m[38;2;191;149;101m▀[48;2;247;227;196m[38;2;192;150;102m▀[38;2;81;73;62m▀[48;2;15;17;15m[38;2;42;42;15m▀[0m        [0m
                                                          [48;2;96;88;77m[38;2;170;156;137m▀[0m    [48;2;56;48;33m[38;2;45;42;37m▀[48;2;172;156;133m[38;2;36;32;27m▀▀[48;2;242;225;198m[38;2;172;156;133m▀[48;2;220;200;180m[38;2;251;226;196m▀[48;2;92;98;121m[38;2;154;140;122m▀[48;2;97;96;91m[38;2;41;40;36m▀[48;2;38;35;30m[38;2;101;100;96m▀[48;2;94;92;89m[38;2;42;39;34m▀[48;2;208;191;170m[38;2;244;223;194m▀[48;2;32;31;27m[38;2;138;110;75m▀[48;2;26;26;21m[38;2;192;150;102m▀[48;2;81;73;62m[38;2;192;150;100m▀[48;2;234;217;190m[38;2;187;145;100m▀[48;2;251;228;195m[38;2;47;37;23m▀[48;2;155;119;74m[38;2;247;227;196m▀[48;2;120;103;79m[38;2;120;103;79m▀[48;2;190;148;99m[38;2;77;62;35m▀[48;2;117;117;148m[38;2;15;17;15m▀[0m        [0m
                                                          [48;2;188;174;153m[38;2;224;207;185m▀[0m[38;2;218;184;160m▄[38;2;250;207;172m▄[38;2;56;48;33m▄[48;2;52;49;44m[38;2;48;45;41m▀[48;2;51;49;41m[38;2;45;42;37m▀[48;2;153;141;123m[38;2;253;234;204m▀[48;2;252;232;205m▀[48;2;251;234;204m[38;2;251;234;204m▀[48;2;249;231;204m[38;2;183;165;150m▀[48;2;34;35;29m[38;2;92;106;131m▀[48;2;95;94;90m[38;2;42;38;35m▀[48;2;98;97;92m[38;2;29;28;23m▀[48;2;43;42;38m[38;2;37;35;30m▀[48;2;33;31;25m[38;2;246;225;199m▀[48;2;16;17;12m[38;2;248;227;196m▀[48;2;118;101;86m[38;2;248;226;192m▀[48;2;150;133;118m[38;2;249;228;194m▀[48;2;25;18;6m[38;2;247;224;194m▀[48;2;129;99;61m[38;2;94;72;45m▀[48;2;192;150;103m[38;2;190;148;99m▀[48;2;191;149;101m▀[48;2;190;148;99m[38;2;190;149;101m▀[48;2;101;99;128m[38;2;108;107;127m▀[0m        [0m
                                                         [48;2;218;184;160m[38;2;218;184;160m▀[48;2;130;101;84m[38;2;167;146;127m▀[48;2;196;166;137m[38;2;246;205;170m▀[48;2;206;172;140m[38;2;250;209;171m▀[48;2;11;12;12m[38;2;251;203;167m▀[48;2;51;48;43m[38;2;50;47;40m▀[48;2;51;48;42m[38;2;51;48;41m▀[48;2;37;35;29m[38;2;45;39;30m▀[48;2;252;232;207m[38;2;253;233;206m▀[48;2;79;64;45m[38;2;253;234;204m▀[48;2;155;141;127m[38;2;179;162;145m▀[48;2;60;44;21m[38;2;107;124;155m▀[48;2;96;95;91m[38;2;99;98;94m▀[48;2;98;97;92m[38;2;98;97;93m▀[48;2;100;97;92m[38;2;97;96;92m▀[48;2;97;106;122m[38;2;61;68;77m▀[48;2;42;44;54m[38;2;39;37;34m▀[48;2;146;131;111m[38;2;86;74;62m▀[48;2;250;228;195m[38;2;249;226;199m▀[48;2;30;29;21m[38;2;38;33;20m▀[48;2;162;128;84m[38;2;130;100;60m▀[48;2;191;149;99m[38;2;191;147;98m▀[48;2;190;147;99m[38;2;191;149;101m▀[48;2;193;150;102m[38;2;190;147;98m▀[48;2;51;41;31m[38;2;59;57;70m▀[0m        [0m
                                                          [48;2;108;92;74m[38;2;225;187;157m▀[48;2;135;122;73m[38;2;114;94;77m▀[0m  [48;2;39;38;35m[38;2;47;46;35m▀[48;2;41;36;29m[38;2;50;47;40m▀[48;2;48;44;39m[38;2;33;30;23m▀[48;2;94;73;49m[38;2;85;69;50m▀[48;2;90;72;48m[38;2;93;74;48m▀[48;2;63;56;50m[38;2;107;95;85m▀[48;2;90;102;118m[38;2;75;85;111m▀[48;2;97;96;91m[38;2;181;141;86m▀[48;2;89;90;88m[38;2;101;85;53m▀[48;2;98;97;93m[38;2;88;70;38m▀[48;2;46;51;58m[38;2;138;114;74m▀[48;2;101;116;143m[38;2;92;73;49m▀[48;2;237;218;196m[38;2;192;177;155m▀[48;2;247;227;195m[38;2;250;227;196m▀[48;2;36;36;32m[38;2;36;35;32m▀[48;2;154;122;81m[38;2;100;79;50m▀[48;2;170;133;91m[38;2;190;147;99m▀[48;2;188;150;101m[38;2;191;150;101m▀[48;2;190;149;100m[38;2;190;148;98m▀[48;2;100;79;52m[38;2;101;82;51m▀[0m        [0m
                                                           [48;2;223;202;176m[38;2;181;171;131m▀[0m   [38;2;47;45;19m▀[0m [48;2;94;74;49m[38;2;95;73;50m▀[48;2;230;212;190m[38;2;57;48;32m▀[48;2;42;48;52m[38;2;26;25;23m▀[48;2;59;54;54m[38;2;61;72;89m▀[48;2;140;115;72m[38;2;97;95;91m▀[48;2;74;68;56m[38;2;96;95;91m▀[48;2;69;63;54m[38;2;95;94;90m▀[48;2;91;75;44m[38;2;68;73;76m▀[48;2;78;54;23m[38;2;120;138;162m▀[48;2;233;214;190m[38;2;244;223;198m▀[48;2;250;227;194m[38;2;249;226;193m▀[48;2;35;32;23m[38;2;36;33;29m▀[48;2;190;148;99m[38;2;193;151;103m▀[48;2;170;137;95m[38;2;136;103;65m▀[48;2;192;149;102m[38;2;190;148;102m▀[48;2;189;147;98m[38;2;191;149;104m▀[48;2;97;77;52m[38;2;94;76;50m▀[0m        [0m
                                                           [48;2;240;221;196m[38;2;234;214;196m▀[0m     [48;2;75;57;38m[38;2;92;75;46m▀[48;2;250;234;204m[38;2;253;233;205m▀[48;2;114;125;150m[38;2;86;96;112m▀[48;2;98;95;92m[38;2;92;89;86m▀[48;2;95;94;90m[38;2;96;96;91m▀[48;2;97;93;90m[38;2;95;96;98m▀[48;2;100;96;93m[38;2;97;97;92m▀[48;2;91;89;84m[38;2;91;89;83m▀[48;2;133;145;178m[38;2;134;145;179m▀[48;2;77;68;55m[38;2;182;168;149m▀[48;2;240;222;193m[38;2;247;226;196m▀[48;2;111;99;84m[38;2;55;47;37m▀[48;2;189;147;99m[38;2;189;148;101m▀[48;2;147;115;75m[38;2;129;102;66m▀[48;2;118;92;52m[38;2;190;146;99m▀[48;2;190;148;100m[38;2;190;148;100m▀[48;2;123;96;61m[38;2;109;84;57m▀[0m        [0m
                                                           [48;2;212;194;169m[38;2;231;212;190m▀[0m     [48;2;251;231;202m[38;2;161;147;129m▀[48;2;127;115;98m[38;2;250;228;204m▀[48;2;111;123;149m[38;2;127;140;175m▀[48;2;96;95;92m[38;2;96;95;91m▀[48;2;95;94;90m▀[48;2;98;97;93m[38;2;99;95;92m▀[48;2;93;92;88m[38;2;96;95;90m▀[48;2;95;95;90m▀[48;2;131;146;176m[38;2;132;147;178m▀[48;2;26;30;30m[38;2;26;31;21m▀[48;2;162;145;120m[38;2;214;195;169m▀[48;2;215;196;172m[38;2;177;161;142m▀[48;2;181;142;96m[38;2;184;143;92m▀[48;2;191;147;100m[38;2;187;147;99m▀[48;2;190;148;98m[38;2;179;142;97m▀[48;2;103;80;50m[38;2;153;116;73m▀[48;2;127;97;59m[38;2;126;96;58m▀[0m[38;2;144;124;65m▄[0m       [0m
                                                           [48;2;160;146;119m[38;2;160;146;119m▀[0m     [48;2;251;231;203m[38;2;137;123;103m▀[48;2;100;109;132m[38;2;23;26;17m▀[48;2;40;39;34m[38;2;49;55;66m▀[48;2;50;47;42m[38;2;76;75;71m▀[48;2;97;96;92m[38;2;95;94;90m▀[48;2;98;95;90m[38;2;98;97;93m▀[48;2;94;93;89m[38;2;95;91;88m▀[48;2;92;91;87m[38;2;99;98;94m▀[48;2;130;145;177m[38;2;131;146;177m▀[48;2;96;108;125m[38;2;47;56;63m▀[48;2;196;181;162m[38;2;152;139;116m▀[48;2;244;221;193m[38;2;237;218;190m▀[48;2;79;61;37m[38;2;131;106;70m▀[48;2;188;146;98m[38;2;191;147;98m▀[48;2;189;147;99m[38;2;192;147;99m▀[48;2;190;148;98m[38;2;179;142;97m▀[48;2;179;142;97m[38;2;129;97;59m▀[48;2;187;147;103m[38;2;158;131;84m▀[0m       [0m
                                                            [48;2;157;148;112m[38;2;160;146;119m▀[0m   [38;2;48;47;42m▄[48;2;50;47;42m[38;2;35;36;32m▀[48;2;33;34;32m[38;2;132;146;181m▀[48;2;48;44;41m[38;2;48;46;41m▀[48;2;52;49;44m[38;2;36;32;29m▀[48;2;23;22;17m[38;2;40;39;35m▀[48;2;24;23;18m[38;2;44;43;39m▀[48;2;25;24;20m[38;2;39;35;32m▀[48;2;28;25;20m[38;2;27;23;20m▀[48;2;75;84;106m[38;2;126;139;167m▀[48;2;127;142;170m[38;2;111;126;150m▀[48;2;234;215;189m[38;2;236;217;192m▀[48;2;250;227;195m[38;2;249;227;196m▀[48;2;37;31;23m[38;2;58;43;29m▀[48;2;188;147;98m[38;2;191;147;100m▀[48;2;189;147;99m[38;2;189;147;99m▀[48;2;190;148;98m[38;2;189;147;97m▀[48;2;189;146;99m[38;2;190;148;98m▀[48;2;190;148;98m[38;2;189;145;99m▀[0m       [0m
                                                            [48;2;241;216;194m[38;2;206;190;168m▀[0m  [38;2;52;51;20m▄[48;2;48;45;40m[38;2;51;48;43m▀[48;2;48;44;39m[38;2;50;47;42m▀[48;2;51;48;41m▀[48;2;50;47;42m[38;2;51;48;41m▀[48;2;48;45;39m[38;2;51;48;42m▀[48;2;51;48;43m[38;2;47;46;41m▀[48;2;48;45;40m[38;2;23;21;16m▀[48;2;47;44;39m[38;2;37;36;31m▀[48;2;49;46;41m[38;2;51;48;43m▀[48;2;47;43;34m[38;2;27;27;24m▀[48;2;51;48;42m[38;2;134;144;180m▀[38;2;206;193;176m▀[48;2;239;219;189m[38;2;249;226;194m▀[48;2;27;27;27m[38;2;28;29;24m▀[48;2;188;148;96m[38;2;191;147;100m▀[48;2;190;147;98m[38;2;187;146;98m▀[48;2;189;145;97m[38;2;188;145;97m▀[48;2;190;147;98m[38;2;189;146;97m▀[48;2;188;147;98m[38;2;188;144;95m▀[0m       [0m
                                                            [48;2;216;196;182m[38;2;240;219;197m▀[0m   [38;2;40;37;33m▀[48;2;42;33;23m[38;2;60;53;47m▀[48;2;50;48;43m[38;2;52;49;44m▀[48;2;160;151;141m[38;2;50;47;42m▀[48;2;50;47;40m▀[48;2;49;46;41m[38;2;49;46;41m▀[48;2;46;45;40m[38;2;48;45;39m▀[48;2;50;47;42m[38;2;49;46;41m▀[38;2;48;45;40m▀[48;2;49;46;41m[38;2;53;50;43m▀[38;2;48;45;39m▀[48;2;48;45;39m[38;2;52;49;41m▀[48;2;101;91;81m[38;2;199;183;159m▀[48;2;95;85;70m[38;2;41;33;26m▀[48;2;189;146;99m[38;2;188;145;95m▀[48;2;188;145;97m[38;2;189;145;98m▀[48;2;189;147;99m[38;2;189;147;99m▀[48;2;191;147;99m[38;2;189;146;96m▀[48;2;189;145;98m[38;2;190;148;100m▀[48;2;119;100;57m[38;2;106;95;35m▀[0m      [0m
                                                            [48;2;170;156;140m[38;2;19;21;17m▀[0m    [48;2;80;62;45m[38;2;83;64;41m▀[48;2;91;71;46m[38;2;89;71;50m▀[48;2;86;70;47m[38;2;28;28;24m▀[48;2;204;148;116m[38;2;199;143;114m▀[48;2;203;146;113m[38;2;48;48;43m▀[48;2;89;64;48m[38;2;48;45;40m▀[48;2;205;145;112m[38;2;51;48;43m▀[48;2;93;73;48m[38;2;43;40;35m▀[48;2;67;54;31m[38;2;53;50;43m▀[48;2;202;145;115m[38;2;48;49;40m▀[48;2;201;147;120m[38;2;35;34;27m▀[48;2;131;100;83m[38;2;32;33;26m▀[48;2;229;208;180m[38;2;148;134;116m▀[48;2;153;118;80m[38;2;179;141;97m▀[48;2;188;145;97m[38;2;188;146;98m▀[48;2;189;145;98m[38;2;189;147;99m▀[38;2;189;145;96m▀[48;2;189;146;98m[38;2;188;146;98m▀[48;2;187;143;93m[38;2;162;129;88m▀[0m      [0m
                                                            [38;2;130;118;95m▀[48;2;155;142;106m[38;2;160;146;119m▀[0m   [48;2;63;50;27m[38;2;77;61;42m▀[48;2;89;69;44m[38;2;90;70;45m▀[48;2;90;70;45m[38;2;93;74;50m▀[48;2;203;146;116m[38;2;201;146;117m▀[48;2;201;147;116m[38;2;201;146;116m▀[48;2;201;146;115m[38;2;198;145;113m▀[48;2;132;98;73m[38;2;201;147;118m▀[48;2;92;72;47m[38;2;93;73;47m▀[48;2;91;71;46m[38;2;92;72;47m▀[48;2;136;100;79m[38;2;197;144;115m▀[48;2;201;148;116m[38;2;203;148;118m▀[48;2;204;148;118m[38;2;203;148;119m▀[48;2;246;221;192m[38;2;250;224;193m▀[48;2;26;22;16m[38;2;79;62;40m▀[48;2;187;142;96m[38;2;188;145;97m▀[48;2;188;146;98m[38;2;188;146;97m▀[48;2;188;144;97m[38;2;190;146;99m▀[48;2;189;147;99m[38;2;188;145;97m▀[48;2;188;144;97m[38;2;191;145;99m▀[0m      [0m
                                                             [48;2;238;219;193m[38;2;199;186;160m▀[0m   [48;2;60;45;25m[38;2;66;53;28m▀[48;2;91;71;46m[38;2;90;70;45m▀[48;2;93;72;48m[38;2;91;71;46m▀[48;2;200;145;118m[38;2;204;148;118m▀[48;2;197;144;114m[38;2;203;148;118m▀[48;2;202;147;117m[38;2;203;147;119m▀[48;2;71;51;29m[38;2;81;61;38m▀[48;2;93;73;49m[38;2;92;72;47m▀[48;2;92;72;47m[38;2;94;72;48m▀[48;2;90;71;47m[38;2;60;47;28m▀[48;2;204;147;118m[38;2;203;148;118m▀[48;2;202;147;117m[38;2;203;149;119m▀[48;2;103;84;64m[38;2;193;174;152m▀[48;2;28;26;21m[38;2;26;28;25m▀[48;2;188;146;98m[38;2;188;145;97m▀[48;2;189;146;99m[38;2;187;146;98m▀[48;2;188;146;98m[38;2;187;145;95m▀[48;2;188;144;97m[38;2;188;147;98m▀[48;2;188;146;97m[38;2;189;145;98m▀[0m      [0m
                                                             [48;2;240;220;191m[38;2;242;221;197m▀[0m   [48;2;60;48;23m[38;2;61;49;28m▀[48;2;88;71;45m[38;2;90;70;45m▀[48;2;89;71;47m[38;2;93;73;49m▀[48;2;186;135;108m[38;2;168;123;98m▀[48;2;203;148;117m[38;2;202;148;117m▀[48;2;202;147;117m[38;2;202;147;117m▀[48;2;150;113;92m[38;2;72;55;33m▀[48;2;91;71;47m[38;2;92;72;47m▀[48;2;88;68;43m[38;2;91;71;46m▀[48;2;90;71;48m[38;2;91;72;46m▀[48;2;201;146;118m[38;2;203;148;118m▀[48;2;201;145;118m▀[48;2;180;137;109m[38;2;119;85;63m▀[48;2;151;137;121m[38;2;44;38;29m▀[48;2;176;137;93m[38;2;187;144;95m▀[48;2;188;146;98m[38;2;188;144;97m▀[48;2;188;144;95m[38;2;187;145;97m▀[48;2;187;145;95m[38;2;186;144;96m▀[48;2;187;143;94m[38;2;186;142;93m▀[0m      [0m
                                                             [48;2;239;220;192m[38;2;237;220;193m▀[0m   [48;2;69;57;28m[38;2;73;57;28m▀[48;2;89;69;44m[38;2;92;72;47m▀[48;2;79;61;39m[38;2;90;72;48m▀[48;2;21;18;15m[38;2;199;144;111m▀[48;2;162;119;100m[38;2;201;146;115m▀[48;2;188;140;115m[38;2;201;146;116m▀[48;2;90;67;54m[38;2;195;145;118m▀[48;2;87;67;45m[38;2;92;72;48m▀[48;2;93;71;46m▀[48;2;91;71;46m[38;2;89;71;44m▀[48;2;67;55;38m[38;2;125;89;71m▀[48;2;201;145;116m[38;2;201;146;116m▀[48;2;201;146;115m[38;2;201;147;116m▀[48;2;248;225;192m[38;2;234;210;180m▀[48;2;47;39;20m[38;2;131;104;69m▀[48;2;188;146;98m[38;2;188;144;97m▀[48;2;188;144;96m[38;2;190;146;99m▀[48;2;188;144;95m[38;2;187;145;97m▀[48;2;187;144;97m[38;2;186;144;96m▀[48;2;160;131;83m[38;2;136;118;58m▀[0m     [0m
                                                             [48;2;216;199;169m[38;2;234;216;191m▀[0m   [48;2;64;56;27m[38;2;65;56;26m▀[48;2;90;72;48m[38;2;93;73;48m▀[48;2;161;145;129m[38;2;142;128;113m▀[48;2;24;23;21m[38;2;22;22;19m▀[48;2;111;97;84m[38;2;24;23;19m▀[48;2;197;173;148m[38;2;23;23;18m▀[48;2;195;170;148m[38;2;39;33;24m▀[48;2;194;171;148m[38;2;190;169;150m▀[48;2;92;72;48m[38;2;90;71;47m▀[48;2;63;49;33m[38;2;93;72;46m▀[48;2;135;120;109m[38;2;42;32;20m▀[48;2;21;18;13m[38;2;200;147;117m▀[48;2;18;17;14m[38;2;201;146;115m▀[48;2;247;221;191m[38;2;250;227;194m▀[48;2;34;34;29m[38;2;34;31;26m▀[48;2;188;144;97m[38;2;188;144;97m▀[48;2;187;145;97m[38;2;187;145;97m▀[48;2;187;143;96m[38;2;186;144;96m▀[48;2;187;144;94m[38;2;187;145;97m▀[48;2;188;147;99m[38;2;175;139;94m▀[0m     [0m
                                                             [38;2;183;169;129m▀[38;2;186;172;142m▄[0m  [48;2;55;48;18m[38;2;56;48;19m▀[48;2;92;70;46m[38;2;90;70;46m▀[48;2;89;80;63m[38;2;135;121;108m▀[48;2;193;171;146m[38;2;191;169;145m▀[48;2;195;171;147m[38;2;194;170;146m▀[48;2;193;169;145m[38;2;196;172;148m▀[48;2;195;170;148m[38;2;193;171;147m▀[48;2;133;117;98m[38;2;184;164;143m▀[48;2;91;70;46m[38;2;90;70;45m▀[48;2;118;103;85m[38;2;126;113;96m▀[48;2;194;174;151m[38;2;107;94;80m▀[48;2;75;70;58m[38;2;25;24;20m▀[48;2;25;21;15m[38;2;25;24;19m▀[48;2;199;180;157m[38;2;229;208;180m▀[48;2;55;46;35m[38;2;36;32;25m▀[48;2;189;145;96m[38;2;188;144;97m▀[48;2;188;144;97m[38;2;187;143;96m▀[48;2;186;142;95m[38;2;188;146;98m▀[48;2;187;145;97m▀[48;2;186;144;94m[38;2;188;142;96m▀[0m     [0m
                                                              [48;2;237;218;191m[38;2;219;204;178m▀[0m  [48;2;67;56;24m[38;2;60;52;21m▀[48;2;89;70;46m[38;2;91;70;46m▀[48;2;144;128;106m[38;2;193;170;146m▀[48;2;193;170;147m[38;2;194;170;146m▀[48;2;194;171;147m[38;2;196;172;148m▀[48;2;194;172;148m[38;2;193;168;146m▀[48;2;193;171;147m[38;2;195;171;147m▀[48;2;83;66;46m[38;2;60;48;30m▀[48;2;89;72;46m[38;2;91;71;46m▀[48;2;77;61;42m[38;2;66;53;34m▀[48;2;190;168;145m[38;2;195;170;148m▀[48;2;192;170;146m▀[48;2;194;170;146m[38;2;146;131;115m▀[48;2;130;115;96m[38;2;166;148;127m▀[48;2;155;143;123m[38;2;92;85;71m▀[48;2;183;143;98m[38;2;188;146;99m▀[48;2;188;144;97m[38;2;187;145;97m▀[48;2;188;145;97m[38;2;186;143;94m▀[48;2;184;142;92m[38;2;187;145;97m▀[48;2;187;146;96m[38;2;188;145;98m▀[0m     [0m
                                                              [48;2;242;223;197m[38;2;241;219;196m▀[0m   [48;2;61;46;27m[38;2;84;68;44m▀[48;2;248;226;202m[38;2;195;177;159m▀[48;2;191;169;143m[38;2;195;171;147m▀[48;2;194;169;146m[38;2;194;171;147m▀[48;2;193;171;148m[38;2;196;172;148m▀[48;2;146;130;114m[38;2;197;171;151m▀[48;2;90;70;46m[38;2;93;73;49m▀[38;2;92;72;47m▀[48;2;92;72;47m[38;2;93;73;49m▀[48;2;177;155;137m[38;2;196;171;149m▀[48;2;195;171;147m[38;2;192;169;146m▀[48;2;136;120;102m[38;2;187;168;144m▀[48;2;164;149;130m[38;2;138;123;105m▀[48;2;240;219;192m[38;2;208;190;167m▀[48;2;133;105;73m[38;2;163;128;88m▀[48;2;186;144;96m[38;2;187;145;97m▀[38;2;189;145;98m▀[48;2;188;146;98m[38;2;187;143;93m▀[48;2;187;146;96m[38;2;189;146;98m▀[0m     [0m
                                                              [48;2;232;213;192m[38;2;238;221;196m▀[0m   [48;2;86;69;49m[38;2;52;38;20m▀[48;2;251;232;203m[38;2;251;232;203m▀[48;2;252;231;201m[38;2;252;232;205m▀[48;2;204;180;154m[38;2;193;171;148m▀[48;2;194;171;146m[38;2;194;169;147m▀[48;2;59;46;31m[38;2;59;46;32m▀[48;2;92;72;48m[38;2;90;70;46m▀[48;2;92;71;46m[38;2;90;70;45m▀[48;2;91;69;46m[38;2;91;71;47m▀[48;2;65;53;36m[38;2;57;46;30m▀[48;2;196;171;148m[38;2;195;170;148m▀[48;2;94;84;69m[38;2;106;93;77m▀[48;2;172;154;134m[38;2;167;151;130m▀[48;2;250;224;191m[38;2;251;225;195m▀[48;2;68;51;30m[38;2;92;70;46m▀[48;2;186;144;96m[38;2;188;146;96m▀[48;2;187;144;97m[38;2;188;144;96m▀[48;2;188;144;97m[38;2;188;146;98m▀[48;2;187;145;96m[38;2;186;143;95m▀[0m     [0m
                                                                  [48;2;220;204;180m[38;2;184;166;145m▀[48;2;251;232;202m[38;2;251;232;206m▀[48;2;252;233;202m[38;2;252;232;201m▀[48;2;254;233;202m[38;2;253;233;204m▀[48;2;249;229;200m[38;2;192;170;146m▀[0m[38;2;42;33;17m▀[38;2;61;54;18m▀[0m   [48;2;192;170;146m[38;2;196;171;147m▀[48;2;160;143;120m[38;2;147;129;107m▀[48;2;181;160;142m[38;2;179;161;139m▀[48;2;248;227;194m[38;2;247;226;193m▀[48;2;66;52;32m[38;2;68;53;34m▀[48;2;187;145;97m[38;2;186;144;96m▀[48;2;187;145;96m[38;2;188;146;96m▀[48;2;188;146;96m[38;2;187;144;95m▀[0m[38;2;187;145;100m▀[0m     [0m
                                                                 [48;2;252;232;205m[38;2;201;182;171m▀[48;2;251;232;202m[38;2;250;231;202m▀[38;2;252;233;201m▀[48;2;252;232;204m[38;2;252;232;202m▀[48;2;61;55;45m[38;2;252;233;203m▀[48;2;37;38;35m[38;2;253;233;202m▀[0m     [48;2;195;171;146m[38;2;190;168;144m▀[48;2;153;135;118m[38;2;89;79;62m▀[48;2;184;163;143m[38;2;184;163;142m▀[48;2;249;227;189m[38;2;248;227;191m▀[48;2;49;36;21m[38;2;63;50;33m▀[48;2;188;145;95m[38;2;188;146;97m▀[0m[38;2;185;146;96m▀[0m       [0m
                                                                [48;2;176;138;102m[38;2;192;174;154m▀[48;2;178;137;98m[38;2;252;233;203m▀[48;2;228;209;186m[38;2;252;233;201m▀[48;2;27;27;20m[38;2;252;233;203m▀[0m[38;2;39;34;27m▀[38;2;33;30;25m▀[0m      [48;2;251;232;200m[38;2;227;205;179m▀[48;2;227;210;185m[38;2;151;130;107m▀[48;2;194;171;146m[38;2;186;165;142m▀[48;2;165;148;127m[38;2;197;180;159m▀[0m[38;2;30;33;11m▀[0m         [0m
                                                                           [38;2;65;57;46m▄[48;2;250;231;204m[38;2;252;233;203m▀[48;2;249;232;205m[38;2;239;219;192m▀[48;2;246;226;202m[38;2;253;232;201m▀[48;2;169;153;137m[38;2;186;168;143m▀[0m          [0m
                                                                           [38;2;137;110;85m▀[48;2;56;47;41m[38;2;111;88;68m▀[48;2;148;136;125m[38;2;252;234;203m▀[48;2;31;33;26m[38;2;164;130;95m▀[0m[38;2;31;30;25m▀[0m          [0m
